0.00000 0.62400 0.66200 0.04000 0.04000
0.00000 0.62000 0.33600 0.04000 0.04000
0.00000 0.61000 0.01000 0.04000 0.04000
1.00000 0.76000 0.00400 0.04000 0.04000
1.00000 0.76200 0.33400 0.04000 0.04000
1.00000 0.77000 0.66400 0.04000 0.04000
1.00000 0.77800 0.98600 0.04000 0.04000
0.00000 0.63000 0.98600 0.04000 0.04000
0.00000 0.37800 0.95600 0.04000 0.04000
3.00000 0.35200 0.82000 0.04000 0.04000
0.00000 0.37600 0.79000 0.04000 0.04000
0.00000 0.30200 0.71000 0.04000 0.04000
0.00000 0.38200 0.61800 0.04000 0.04000
0.00000 0.30400 0.54200 0.04000 0.04000
0.00000 0.38400 0.45600 0.04000 0.04000
0.00000 0.30600 0.37800 0.04000 0.04000
0.00000 0.38600 0.28600 0.04000 0.04000
0.00000 0.30600 0.21400 0.04000 0.04000
0.00000 0.38400 0.12600 0.04000 0.04000
0.00000 0.30000 0.05200 0.04000 0.04000
1.00000 0.20800 0.13800 0.04000 0.04000
1.00000 0.13600 0.21600 0.04000 0.04000
1.00000 0.21600 0.29200 0.04000 0.04000
1.00000 0.13200 0.38600 0.04000 0.04000
1.00000 0.21800 0.46200 0.04000 0.04000
1.00000 0.13800 0.55200 0.04000 0.04000
1.00000 0.21400 0.62400 0.04000 0.04000
1.00000 0.12800 0.05400 0.04000 0.04000
