0.00000 0.31800 0.34400 0.04000 0.04000
0.00000 0.31200 0.54800 0.04000 0.04000
0.00000 0.30200 0.75000 0.04000 0.04000
3.00000 0.23000 0.63600 0.04000 0.04000
1.00000 0.12800 0.26600 0.04000 0.04000
1.00000 0.13600 0.06400 0.04000 0.04000
0.00000 0.32800 0.14200 0.04000 0.04000
3.00000 0.23600 0.00400 0.04000 0.04000
0.00000 0.29200 0.95000 0.04000 0.04000
3.00000 0.23800 0.86200 0.04000 0.04000
0.00000 0.56800 0.76600 0.04000 0.04000
3.00000 0.68200 0.61800 0.04000 0.04000
0.00000 0.57800 0.56400 0.04000 0.04000
1.00000 0.78800 0.29000 0.04000 0.04000
1.00000 0.79800 0.09200 0.04000 0.04000
1.00000 0.89600 0.09200 0.04000 0.04000
1.00000 0.88600 0.28800 0.04000 0.04000
1.00000 0.88000 0.49400 0.04000 0.04000
0.00000 0.55800 0.95800 0.04000 0.04000
1.00000 0.77400 0.68800 0.04000 0.04000
1.00000 0.86800 0.69800 0.04000 0.04000
1.00000 0.86200 0.90000 0.04000 0.04000
1.00000 0.09800 0.86200 0.04000 0.04000
1.00000 0.01200 0.66200 0.04000 0.04000
1.00000 0.02600 0.45400 0.04000 0.04000
1.00000 0.03000 0.26000 0.04000 0.04000
1.00000 0.03800 0.06400 0.04000 0.04000
0.00000 0.59200 0.15600 0.04000 0.04000
3.00000 0.71400 0.00600 0.04000 0.04000
0.00000 0.58600 0.36200 0.04000 0.04000
