0.00000 0.28800 0.75600 0.04000 0.04000
0.00000 0.20600 0.68600 0.04000 0.04000
0.00000 0.27400 0.58800 0.04000 0.04000
0.00000 0.19000 0.51600 0.04000 0.04000
0.00000 0.25600 0.43000 0.04000 0.04000
0.00000 0.17200 0.36200 0.04000 0.04000
0.00000 0.24200 0.27000 0.04000 0.04000
0.00000 0.15600 0.20000 0.04000 0.04000
0.00000 0.22200 0.11200 0.04000 0.04000
0.00000 0.13200 0.03800 0.04000 0.04000
0.00000 0.70600 0.07000 0.04000 0.04000
0.00000 0.63600 0.16200 0.04000 0.04000
0.00000 0.72000 0.23200 0.04000 0.04000
0.00000 0.65200 0.32400 0.04000 0.04000
0.00000 0.74200 0.39600 0.04000 0.04000
0.00000 0.67200 0.48400 0.04000 0.04000
0.00000 0.75800 0.55200 0.04000 0.04000
0.00000 0.68800 0.64400 0.04000 0.04000
0.00000 0.77400 0.71600 0.04000 0.04000
0.00000 0.70600 0.81200 0.04000 0.04000
0.00000 0.79200 0.88400 0.04000 0.04000
0.00000 0.87600 0.78800 0.04000 0.04000
0.00000 0.96800 0.85400 0.04000 0.04000
3.00000 0.99200 0.82200 0.04000 0.04000
3.00000 0.99200 0.63800 0.04000 0.04000
1.00000 0.94400 0.69200 0.04000 0.04000
1.00000 0.85800 0.62000 0.04000 0.04000
1.00000 0.92800 0.52600 0.04000 0.04000
1.00000 0.83800 0.45800 0.04000 0.04000
1.00000 0.91200 0.36800 0.04000 0.04000
1.00000 0.82600 0.29600 0.04000 0.04000
1.00000 0.89800 0.20600 0.04000 0.04000
1.00000 0.80600 0.13600 0.04000 0.04000
1.00000 0.87200 0.04600 0.04000 0.04000
3.00000 0.76000 0.00600 0.04000 0.04000
1.00000 0.14400 0.94200 0.04000 0.04000
1.00000 0.05600 0.87400 0.04000 0.04000
1.00000 0.12400 0.77800 0.04000 0.04000
1.00000 0.03200 0.71000 0.04000 0.04000
1.00000 0.10600 0.61800 0.04000 0.04000
1.00000 0.02000 0.54600 0.04000 0.04000
1.00000 0.08600 0.45400 0.04000 0.04000
1.00000 0.00800 0.38200 0.04000 0.04000
1.00000 0.07000 0.29400 0.04000 0.04000
3.00000 0.00800 0.19600 0.04000 0.04000
1.00000 0.05000 0.13000 0.04000 0.04000
