3.00000 0.28600 0.36000 0.04000 0.04000
0.00000 0.33800 0.35800 0.04000 0.04000
0.00000 0.34400 0.47200 0.04000 0.04000
1.00000 0.09600 0.48600 0.04000 0.04000
1.00000 0.10200 0.59600 0.04000 0.04000
3.00000 0.31800 0.70200 0.04000 0.04000
3.00000 0.29000 0.82000 0.04000 0.04000
1.00000 0.12200 0.94200 0.04000 0.04000
0.00000 0.37000 0.93200 0.04000 0.04000
0.00000 0.36200 0.81400 0.04000 0.04000
0.00000 0.35600 0.70200 0.04000 0.04000
0.00000 0.34800 0.58400 0.04000 0.04000
0.00000 0.65400 0.45600 0.04000 0.04000
0.00000 0.66200 0.57200 0.04000 0.04000
0.00000 0.66800 0.68600 0.04000 0.04000
0.00000 0.67400 0.80000 0.04000 0.04000
1.00000 0.91400 0.67400 0.04000 0.04000
1.00000 0.92200 0.78600 0.04000 0.04000
1.00000 0.90800 0.55600 0.04000 0.04000
1.00000 0.90200 0.44400 0.04000 0.04000
3.00000 0.69400 0.33600 0.04000 0.04000
0.00000 0.65200 0.33800 0.04000 0.04000
