3.00000 0.62200 0.00400 0.04000 0.04000
0.00000 0.55800 0.08800 0.04000 0.04000
0.00000 0.81400 0.28800 0.04000 0.04000
1.00000 0.90400 0.17600 0.04000 0.04000
0.00000 0.20000 0.27600 0.04000 0.04000
0.00000 0.21200 0.38600 0.04000 0.04000
0.00000 0.34000 0.37600 0.04000 0.04000
0.00000 0.35400 0.48400 0.04000 0.04000
0.00000 0.24000 0.50200 0.04000 0.04000
0.00000 0.25800 0.61400 0.04000 0.04000
0.00000 0.14200 0.63000 0.04000 0.04000
0.00000 0.15600 0.74200 0.04000 0.04000
0.00000 0.04400 0.76000 0.04000 0.04000
0.00000 0.05800 0.87000 0.04000 0.04000
3.00000 0.00600 0.87600 0.04000 0.04000
1.00000 0.01600 0.64400 0.04000 0.04000
1.00000 0.00800 0.53600 0.04000 0.04000
1.00000 0.11600 0.51600 0.04000 0.04000
1.00000 0.10200 0.40400 0.04000 0.04000
3.00000 0.00800 0.29800 0.04000 0.04000
3.00000 0.00600 0.76200 0.04000 0.04000
