1.00000 0.18800 0.04000 0.04000 0.04000
1.00000 0.17600 0.44200 0.04000 0.04000
1.00000 0.17000 0.64000 0.04000 0.04000
1.00000 0.16400 0.84200 0.04000 0.04000
0.00000 0.35600 0.92400 0.04000 0.04000
0.00000 0.36400 0.72400 0.04000 0.04000
0.00000 0.37000 0.52400 0.04000 0.04000
0.00000 0.38000 0.12000 0.04000 0.04000
0.00000 0.37800 0.32200 0.04000 0.04000
0.00000 0.62400 0.13000 0.04000 0.04000
0.00000 0.61600 0.33000 0.04000 0.04000
0.00000 0.61000 0.53200 0.04000 0.04000
0.00000 0.60400 0.73200 0.04000 0.04000
0.00000 0.59800 0.93200 0.04000 0.04000
1.00000 0.80600 0.65800 0.04000 0.04000
1.00000 0.81000 0.45600 0.04000 0.04000
1.00000 0.82400 0.05600 0.04000 0.04000
1.00000 0.09200 0.03200 0.04000 0.04000
1.00000 0.08600 0.23200 0.04000 0.04000
1.00000 0.08000 0.43200 0.04000 0.04000
1.00000 0.07200 0.63200 0.04000 0.04000
1.00000 0.06600 0.83600 0.04000 0.04000
1.00000 0.80200 0.85800 0.04000 0.04000
1.00000 0.90000 0.86400 0.04000 0.04000
1.00000 0.90200 0.66000 0.04000 0.04000
1.00000 0.91200 0.46400 0.04000 0.04000
1.00000 0.91800 0.26200 0.04000 0.04000
1.00000 0.92400 0.06000 0.04000 0.04000
3.00000 0.71800 0.00400 0.04000 0.04000
3.00000 0.27400 0.37400 0.04000 0.04000
3.00000 0.30800 0.00800 0.04000 0.04000
