3.00000 0.25200 0.65200 0.04000 0.04000
3.00000 0.22600 0.76400 0.04000 0.04000
1.00000 0.06800 0.58800 0.04000 0.04000
1.00000 0.10400 0.48200 0.04000 0.04000
0.00000 0.34000 0.56400 0.04000 0.04000
0.00000 0.30000 0.67000 0.04000 0.04000
0.00000 0.26200 0.77800 0.04000 0.04000
0.00000 0.22200 0.88600 0.04000 0.04000
3.00000 0.00800 0.80800 0.04000 0.04000
1.00000 0.03000 0.69400 0.04000 0.04000
0.00000 0.58200 0.82800 0.04000 0.04000
0.00000 0.63000 0.67600 0.04000 0.04000
1.00000 0.86600 0.75800 0.04000 0.04000
1.00000 0.81000 0.91400 0.04000 0.04000
0.00000 0.52200 0.98400 0.04000 0.04000
3.00000 0.56200 0.99200 0.04000 0.04000
