1.00000 0.91600 0.67600 0.04000 0.04000
1.00000 0.91400 0.78800 0.04000 0.04000
1.00000 0.91400 0.56000 0.04000 0.04000
1.00000 0.91800 0.44800 0.04000 0.04000
1.00000 0.91800 0.09400 0.04000 0.04000
1.00000 0.11200 0.09200 0.04000 0.04000
1.00000 0.11200 0.20800 0.04000 0.04000
1.00000 0.10800 0.31800 0.04000 0.04000
1.00000 0.10800 0.43600 0.04000 0.04000
1.00000 0.10800 0.55000 0.04000 0.04000
1.00000 0.10400 0.67000 0.04000 0.04000
1.00000 0.10600 0.78000 0.04000 0.04000
1.00000 0.10600 0.89200 0.04000 0.04000
0.00000 0.35200 0.89800 0.04000 0.04000
0.00000 0.35400 0.78200 0.04000 0.04000
0.00000 0.35800 0.09200 0.04000 0.04000
0.00000 0.35600 0.20600 0.04000 0.04000
0.00000 0.35600 0.31800 0.04000 0.04000
0.00000 0.35400 0.43800 0.04000 0.04000
0.00000 0.35400 0.54800 0.04000 0.04000
0.00000 0.35400 0.67000 0.04000 0.04000
0.00000 0.67000 0.32200 0.04000 0.04000
3.00000 0.69200 0.20600 0.04000 0.04000
0.00000 0.67000 0.20800 0.04000 0.04000
0.00000 0.67200 0.09000 0.04000 0.04000
1.00000 0.91600 0.32200 0.04000 0.04000
0.00000 0.67000 0.44200 0.04000 0.04000
0.00000 0.66800 0.55800 0.04000 0.04000
0.00000 0.66800 0.67600 0.04000 0.04000
0.00000 0.66600 0.78400 0.04000 0.04000
0.00000 0.66400 0.90400 0.04000 0.04000
