0.00000 0.65600 0.83200 0.04000 0.04000
1.00000 0.74000 0.94800 0.04000 0.04000
0.00000 0.92800 0.64600 0.04000 0.04000
3.00000 0.99000 0.73800 0.04000 0.04000
0.00000 0.59800 0.43400 0.04000 0.04000
0.00000 0.62600 0.31000 0.04000 0.04000
0.00000 0.73800 0.32600 0.04000 0.04000
0.00000 0.50600 0.30000 0.04000 0.04000
0.00000 0.39200 0.28000 0.04000 0.04000
0.00000 0.41000 0.16400 0.04000 0.04000
0.00000 0.30200 0.14600 0.04000 0.04000
0.00000 0.31800 0.03400 0.04000 0.04000
0.00000 0.20600 0.02000 0.04000 0.04000
1.00000 0.43800 0.04200 0.04000 0.04000
1.00000 0.54400 0.06000 0.04000 0.04000
1.00000 0.53000 0.17400 0.04000 0.04000
1.00000 0.63400 0.19200 0.04000 0.04000
1.00000 0.66600 0.07200 0.04000 0.04000
1.00000 0.77400 0.08800 0.04000 0.04000
0.00000 0.10000 0.56400 0.04000 0.04000
1.00000 0.05600 0.80000 0.04000 0.04000
