0.00000 0.20800 0.92600 0.04000 0.04000
0.00000 0.13600 0.83800 0.04000 0.04000
0.00000 0.22400 0.76000 0.04000 0.04000
0.00000 0.15400 0.67600 0.04000 0.04000
0.00000 0.23600 0.60200 0.04000 0.04000
0.00000 0.16400 0.51200 0.04000 0.04000
0.00000 0.25000 0.43600 0.04000 0.04000
0.00000 0.18000 0.34800 0.04000 0.04000
0.00000 0.26200 0.27600 0.04000 0.04000
0.00000 0.19400 0.18800 0.04000 0.04000
0.00000 0.27400 0.11200 0.04000 0.04000
0.00000 0.20400 0.02800 0.04000 0.04000
0.00000 0.68800 0.08200 0.04000 0.04000
0.00000 0.76200 0.16600 0.04000 0.04000
0.00000 0.67600 0.24600 0.04000 0.04000
0.00000 0.75000 0.33200 0.04000 0.04000
0.00000 0.66200 0.40800 0.04000 0.04000
0.00000 0.73600 0.49000 0.04000 0.04000
0.00000 0.65000 0.57000 0.04000 0.04000
0.00000 0.72400 0.65400 0.04000 0.04000
0.00000 0.63600 0.73200 0.04000 0.04000
0.00000 0.70600 0.81200 0.04000 0.04000
0.00000 0.62200 0.89400 0.04000 0.04000
0.00000 0.69200 0.98000 0.04000 0.04000
1.00000 0.79200 0.90000 0.04000 0.04000
1.00000 0.87800 0.82400 0.04000 0.04000
1.00000 0.80600 0.73800 0.04000 0.04000
1.00000 0.89400 0.66200 0.04000 0.04000
1.00000 0.81800 0.57400 0.04000 0.04000
1.00000 0.90400 0.49600 0.04000 0.04000
1.00000 0.83800 0.41000 0.04000 0.04000
1.00000 0.92000 0.33400 0.04000 0.04000
1.00000 0.85000 0.25200 0.04000 0.04000
1.00000 0.93800 0.17000 0.04000 0.04000
1.00000 0.86800 0.08400 0.04000 0.04000
3.00000 0.77600 0.00400 0.04000 0.04000
1.00000 0.10400 0.10600 0.04000 0.04000
1.00000 0.02400 0.18200 0.04000 0.04000
1.00000 0.09000 0.26600 0.04000 0.04000
1.00000 0.00800 0.34800 0.04000 0.04000
1.00000 0.08000 0.43000 0.04000 0.04000
1.00000 0.06600 0.59200 0.04000 0.04000
1.00000 0.00600 0.50600 0.04000 0.04000
1.00000 0.05200 0.75400 0.04000 0.04000
1.00000 0.03800 0.91400 0.04000 0.04000
3.00000 0.12400 0.98800 0.04000 0.04000
1.00000 0.86400 0.98600 0.04000 0.04000
