1.00000 0.10000 0.69400 0.04000 0.04000
1.00000 0.09200 0.58400 0.04000 0.04000
0.00000 0.34000 0.56400 0.04000 0.04000
0.00000 0.35000 0.67600 0.04000 0.04000
3.00000 0.31800 0.79400 0.04000 0.04000
0.00000 0.35800 0.79200 0.04000 0.04000
0.00000 0.36600 0.90400 0.04000 0.04000
1.00000 0.12000 0.92000 0.04000 0.04000
0.00000 0.67600 0.87200 0.04000 0.04000
0.00000 0.66800 0.71200 0.04000 0.04000
0.00000 0.65000 0.55000 0.04000 0.04000
1.00000 0.89800 0.53000 0.04000 0.04000
1.00000 0.91000 0.69200 0.04000 0.04000
1.00000 0.92400 0.85200 0.04000 0.04000
1.00000 0.93400 0.97800 0.04000 0.04000
0.00000 0.68800 0.98600 0.04000 0.04000
