0.00000 0.22800 0.53600 0.04000 0.04000
0.00000 0.32600 0.58200 0.04000 0.04000
0.00000 0.28000 0.69400 0.04000 0.04000
0.00000 0.27400 0.42400 0.04000 0.04000
0.00000 0.17000 0.38000 0.04000 0.04000
0.00000 0.22200 0.26600 0.04000 0.04000
0.00000 0.11800 0.21800 0.04000 0.04000
0.00000 0.16800 0.10600 0.04000 0.04000
0.00000 0.06400 0.06000 0.04000 0.04000
1.00000 0.01000 0.16800 0.04000 0.04000
1.00000 0.12400 0.75200 0.04000 0.04000
3.00000 0.24200 0.76800 0.04000 0.04000
1.00000 0.17200 0.64200 0.04000 0.04000
0.00000 0.38000 0.73400 0.04000 0.04000
0.00000 0.33600 0.85000 0.04000 0.04000
0.00000 0.44000 0.89800 0.04000 0.04000
1.00000 0.28000 0.95800 0.04000 0.04000
0.00000 0.64600 0.20600 0.04000 0.04000
0.00000 0.69000 0.10000 0.04000 0.04000
0.00000 0.58600 0.05600 0.04000 0.04000
3.00000 0.61000 0.00200 0.04000 0.04000
3.00000 0.73600 0.00800 0.04000 0.04000
1.00000 0.84600 0.03400 0.04000 0.04000
1.00000 0.80200 0.14200 0.04000 0.04000
3.00000 0.82600 0.36000 0.04000 0.04000
0.00000 0.80000 0.41000 0.04000 0.04000
0.00000 0.69200 0.36200 0.04000 0.04000
0.00000 0.74800 0.24800 0.04000 0.04000
0.00000 0.75200 0.52600 0.04000 0.04000
0.00000 0.85400 0.57200 0.04000 0.04000
0.00000 0.80200 0.68000 0.04000 0.04000
1.00000 0.95400 0.35200 0.04000 0.04000
1.00000 0.90800 0.46400 0.04000 0.04000
3.00000 0.90600 0.74000 0.04000 0.04000
0.00000 0.85800 0.84000 0.04000 0.04000
0.00000 0.96000 0.88200 0.04000 0.04000
3.00000 0.99000 0.82400 0.04000 0.04000
