0.00000 0.33800 0.57800 0.04000 0.04000
0.00000 0.32400 0.69200 0.04000 0.04000
0.00000 0.31200 0.80400 0.04000 0.04000
0.00000 0.29600 0.91600 0.04000 0.04000
3.00000 0.27600 0.80000 0.04000 0.04000
3.00000 0.28400 0.68000 0.04000 0.04000
1.00000 0.09400 0.54600 0.04000 0.04000
1.00000 0.07800 0.65800 0.04000 0.04000
1.00000 0.05200 0.88600 0.04000 0.04000
0.00000 0.61200 0.94600 0.04000 0.04000
0.00000 0.63200 0.78600 0.04000 0.04000
0.00000 0.65000 0.62400 0.04000 0.04000
1.00000 0.89400 0.65200 0.04000 0.04000
1.00000 0.87400 0.81400 0.04000 0.04000
1.00000 0.85600 0.97400 0.04000 0.04000
