3.00000 0.02200 0.89200 0.04000 0.04000
3.00000 0.00600 0.70200 0.04000 0.04000
3.00000 0.01400 0.47600 0.04000 0.04000
3.00000 0.00600 0.27000 0.04000 0.04000
0.00000 0.07600 0.16200 0.04000 0.04000
0.00000 0.08600 0.36200 0.04000 0.04000
0.00000 0.09600 0.56600 0.04000 0.04000
0.00000 0.10800 0.76000 0.04000 0.04000
0.00000 0.11400 0.96400 0.04000 0.04000
3.00000 0.09000 0.99200 0.04000 0.04000
0.00000 0.84400 0.87200 0.04000 0.04000
3.00000 0.94600 0.76200 0.04000 0.04000
0.00000 0.81800 0.05000 0.04000 0.04000
0.00000 0.90200 0.12200 0.04000 0.04000
0.00000 0.82200 0.21000 0.04000 0.04000
0.00000 0.90800 0.28600 0.04000 0.04000
0.00000 0.83200 0.37600 0.04000 0.04000
0.00000 0.91800 0.45200 0.04000 0.04000
0.00000 0.84400 0.53600 0.04000 0.04000
0.00000 0.92400 0.60600 0.04000 0.04000
0.00000 0.84600 0.70200 0.04000 0.04000
0.00000 0.92600 0.78200 0.04000 0.04000
0.00000 0.93000 0.94600 0.04000 0.04000
3.00000 0.99200 0.88200 0.04000 0.04000
3.00000 0.99000 0.53800 0.04000 0.04000
3.00000 0.99200 0.37000 0.04000 0.04000
3.00000 0.99200 0.19800 0.04000 0.04000
1.00000 0.98600 0.03400 0.04000 0.04000
3.00000 0.85600 0.00400 0.04000 0.04000
