0.00000 0.39200 0.65400 0.04000 0.04000
0.00000 0.40600 0.85600 0.04000 0.04000
0.00000 0.64800 0.83800 0.04000 0.04000
3.00000 0.73000 0.69600 0.04000 0.04000
1.00000 0.80800 0.34400 0.04000 0.04000
0.00000 0.63400 0.63200 0.04000 0.04000
1.00000 0.17200 0.39400 0.04000 0.04000
1.00000 0.10800 0.79600 0.04000 0.04000
1.00000 0.09200 0.59600 0.04000 0.04000
1.00000 0.07600 0.39600 0.04000 0.04000
1.00000 0.83800 0.74400 0.04000 0.04000
1.00000 0.92000 0.53400 0.04000 0.04000
1.00000 0.90600 0.33800 0.04000 0.04000
1.00000 0.93600 0.73400 0.04000 0.04000
1.00000 0.95200 0.93000 0.04000 0.04000
