0.00000 0.60800 0.29200 0.04000 0.04000
1.00000 0.62800 0.14200 0.04000 0.04000
1.00000 0.30800 0.09400 0.04000 0.04000
0.00000 0.28400 0.23200 0.04000 0.04000
0.00000 0.39600 0.46600 0.04000 0.04000
0.00000 0.28000 0.44400 0.04000 0.04000
0.00000 0.16600 0.42400 0.04000 0.04000
0.00000 0.05600 0.40400 0.04000 0.04000
1.00000 0.01400 0.65000 0.04000 0.04000
1.00000 0.13200 0.67600 0.04000 0.04000
1.00000 0.24200 0.68400 0.04000 0.04000
1.00000 0.35400 0.70600 0.04000 0.04000
0.00000 0.31400 0.95600 0.04000 0.04000
0.00000 0.20000 0.93600 0.04000 0.04000
0.00000 0.08800 0.91600 0.04000 0.04000
