0.00000 0.39000 0.84200 0.04000 0.04000
0.00000 0.30400 0.92200 0.04000 0.04000
3.00000 0.52400 0.98600 0.04000 0.04000
3.00000 0.37400 0.99000 0.04000 0.04000
0.00000 0.80000 0.85800 0.04000 0.04000
0.00000 0.80200 0.74600 0.04000 0.04000
0.00000 0.67600 0.73400 0.04000 0.04000
0.00000 0.68200 0.62200 0.04000 0.04000
0.00000 0.79800 0.62400 0.04000 0.04000
0.00000 0.80800 0.51400 0.04000 0.04000
0.00000 0.92600 0.51600 0.04000 0.04000
0.00000 0.93400 0.40600 0.04000 0.04000
1.00000 0.91600 0.63800 0.04000 0.04000
1.00000 0.91400 0.75000 0.04000 0.04000
3.00000 0.99000 0.87000 0.04000 0.04000
