1.00000 0.13200 0.57600 0.04000 0.04000
1.00000 0.13200 0.45800 0.04000 0.04000
1.00000 0.13800 0.34200 0.04000 0.04000
3.00000 0.37000 0.12000 0.04000 0.04000
0.00000 0.39400 0.12600 0.04000 0.04000
0.00000 0.39600 0.01200 0.04000 0.04000
0.00000 0.37800 0.58800 0.04000 0.04000
0.00000 0.38200 0.47000 0.04000 0.04000
0.00000 0.38400 0.35400 0.04000 0.04000
3.00000 0.34000 0.69800 0.04000 0.04000
0.00000 0.37600 0.69800 0.04000 0.04000
0.00000 0.37000 0.81200 0.04000 0.04000
1.00000 0.12400 0.80400 0.04000 0.04000
0.00000 0.69000 0.68200 0.04000 0.04000
0.00000 0.69000 0.57800 0.04000 0.04000
0.00000 0.69400 0.47200 0.04000 0.04000
0.00000 0.70000 0.35600 0.04000 0.04000
0.00000 0.69800 0.24600 0.04000 0.04000
1.00000 0.94800 0.25600 0.04000 0.04000
1.00000 0.94800 0.36400 0.04000 0.04000
1.00000 0.94200 0.47600 0.04000 0.04000
1.00000 0.94000 0.58400 0.04000 0.04000
1.00000 0.93800 0.69400 0.04000 0.04000
