0.00000 0.35600 0.68400 0.04000 0.04000
0.00000 0.35000 0.79600 0.04000 0.04000
1.00000 0.10000 0.78000 0.04000 0.04000
1.00000 0.11200 0.66800 0.04000 0.04000
1.00000 0.11800 0.54800 0.04000 0.04000
0.00000 0.36400 0.56800 0.04000 0.04000
0.00000 0.37200 0.45200 0.04000 0.04000
1.00000 0.12400 0.43600 0.04000 0.04000
1.00000 0.13200 0.32400 0.04000 0.04000
1.00000 0.13800 0.20800 0.04000 0.04000
0.00000 0.38800 0.22200 0.04000 0.04000
0.00000 0.38000 0.34000 0.04000 0.04000
0.00000 0.67600 0.61400 0.04000 0.04000
0.00000 0.66800 0.72600 0.04000 0.04000
3.00000 0.71200 0.84800 0.04000 0.04000
3.00000 0.68400 0.96200 0.04000 0.04000
0.00000 0.65400 0.96000 0.04000 0.04000
0.00000 0.66200 0.84200 0.04000 0.04000
1.00000 0.92600 0.62800 0.04000 0.04000
1.00000 0.91600 0.74400 0.04000 0.04000
1.00000 0.93000 0.51200 0.04000 0.04000
1.00000 0.93800 0.39800 0.04000 0.04000
3.00000 0.74200 0.26600 0.04000 0.04000
1.00000 0.95600 0.11000 0.04000 0.04000
0.00000 0.70600 0.09400 0.04000 0.04000
0.00000 0.69600 0.26200 0.04000 0.04000
0.00000 0.69200 0.38000 0.04000 0.04000
0.00000 0.68400 0.49600 0.04000 0.04000
