0.00000 0.10800 0.61200 0.04000 0.04000
3.00000 0.05600 0.68400 0.04000 0.04000
0.00000 0.10600 0.81000 0.04000 0.04000
3.00000 0.03800 0.91200 0.04000 0.04000
0.00000 0.10600 0.40800 0.04000 0.04000
0.00000 0.10200 0.20200 0.04000 0.04000
0.00000 0.09800 0.00600 0.04000 0.04000
3.00000 0.00800 0.14200 0.04000 0.04000
3.00000 0.02800 0.31400 0.04000 0.04000
0.00000 0.92000 0.24800 0.04000 0.04000
0.00000 0.84000 0.16800 0.04000 0.04000
0.00000 0.83600 0.33600 0.04000 0.04000
0.00000 0.91600 0.41800 0.04000 0.04000
0.00000 0.83200 0.50600 0.04000 0.04000
0.00000 0.91800 0.58400 0.04000 0.04000
0.00000 0.83000 0.66800 0.04000 0.04000
0.00000 0.91800 0.75000 0.04000 0.04000
0.00000 0.82800 0.83400 0.04000 0.04000
0.00000 0.90800 0.91400 0.04000 0.04000
3.00000 0.98800 0.68000 0.04000 0.04000
3.00000 0.99200 0.34200 0.04000 0.04000
3.00000 0.99000 0.18000 0.04000 0.04000
3.00000 0.99000 0.01000 0.04000 0.04000
0.00000 0.92200 0.07600 0.04000 0.04000
