0.00000 0.66800 0.09800 0.04000 0.04000
0.00000 0.69600 0.42400 0.04000 0.04000
0.00000 0.72400 0.74400 0.04000 0.04000
1.00000 0.87000 0.73200 0.04000 0.04000
1.00000 0.84200 0.41000 0.04000 0.04000
1.00000 0.81200 0.08200 0.04000 0.04000
0.00000 0.37200 0.78000 0.04000 0.04000
0.00000 0.29600 0.87200 0.04000 0.04000
0.00000 0.34400 0.60800 0.04000 0.04000
0.00000 0.27000 0.69800 0.04000 0.04000
1.00000 0.15800 0.46200 0.04000 0.04000
1.00000 0.08600 0.54000 0.04000 0.04000
1.00000 0.18400 0.62800 0.04000 0.04000
1.00000 0.11000 0.71000 0.04000 0.04000
0.00000 0.20800 0.79600 0.04000 0.04000
0.00000 0.13800 0.88200 0.04000 0.04000
0.00000 0.04800 0.81400 0.04000 0.04000
1.00000 0.02200 0.64000 0.04000 0.04000
0.00000 0.22000 0.04400 0.04000 0.04000
0.00000 0.05800 0.05800 0.04000 0.04000
