0.00000 0.62200 0.78400 0.04000 0.04000
0.00000 0.62400 0.45600 0.04000 0.04000
0.00000 0.62000 0.13200 0.04000 0.04000
1.00000 0.76800 0.13200 0.04000 0.04000
1.00000 0.76800 0.45800 0.04000 0.04000
1.00000 0.77000 0.78400 0.04000 0.04000
0.00000 0.39200 0.56800 0.04000 0.04000
0.00000 0.31400 0.49000 0.04000 0.04000
0.00000 0.39000 0.40400 0.04000 0.04000
0.00000 0.31000 0.32800 0.04000 0.04000
0.00000 0.39200 0.23800 0.04000 0.04000
0.00000 0.31400 0.16200 0.04000 0.04000
0.00000 0.39000 0.08000 0.04000 0.04000
0.00000 0.31400 0.64800 0.04000 0.04000
0.00000 0.39200 0.73000 0.04000 0.04000
0.00000 0.31200 0.81200 0.04000 0.04000
0.00000 0.39200 0.89200 0.04000 0.04000
0.00000 0.31400 0.97200 0.04000 0.04000
1.00000 0.21800 0.89800 0.04000 0.04000
1.00000 0.14400 0.82000 0.04000 0.04000
1.00000 0.22000 0.73600 0.04000 0.04000
1.00000 0.14200 0.66200 0.04000 0.04000
1.00000 0.22000 0.57400 0.04000 0.04000
1.00000 0.14200 0.49600 0.04000 0.04000
1.00000 0.21600 0.40800 0.04000 0.04000
1.00000 0.14000 0.33200 0.04000 0.04000
1.00000 0.21600 0.25000 0.04000 0.04000
1.00000 0.13800 0.16800 0.04000 0.04000
0.00000 0.21600 0.08400 0.04000 0.04000
0.00000 0.13800 0.01000 0.04000 0.04000
1.00000 0.04600 0.25400 0.04000 0.04000
