1.00000 0.04400 0.61000 0.04000 0.04000
1.00000 0.06200 0.50000 0.04000 0.04000
1.00000 0.08400 0.38800 0.04000 0.04000
1.00000 0.10600 0.26800 0.04000 0.04000
1.00000 0.13000 0.15400 0.04000 0.04000
1.00000 0.14800 0.04600 0.04000 0.04000
1.00000 0.99200 0.08600 0.04000 0.04000
1.00000 0.97000 0.20000 0.04000 0.04000
1.00000 0.95000 0.30800 0.04000 0.04000
1.00000 0.92800 0.42600 0.04000 0.04000
1.00000 0.90800 0.53200 0.04000 0.04000
1.00000 0.88800 0.64600 0.04000 0.04000
1.00000 0.86600 0.76400 0.04000 0.04000
1.00000 0.84400 0.87400 0.04000 0.04000
0.00000 0.60000 0.83400 0.04000 0.04000
0.00000 0.62200 0.72000 0.04000 0.04000
0.00000 0.64400 0.60000 0.04000 0.04000
0.00000 0.66000 0.49000 0.04000 0.04000
0.00000 0.68400 0.37400 0.04000 0.04000
0.00000 0.70800 0.26800 0.04000 0.04000
0.00000 0.72600 0.15600 0.04000 0.04000
0.00000 0.74800 0.04200 0.04000 0.04000
0.00000 0.39000 0.09200 0.04000 0.04000
0.00000 0.36800 0.19600 0.04000 0.04000
0.00000 0.35200 0.31600 0.04000 0.04000
0.00000 0.33000 0.42400 0.04000 0.04000
0.00000 0.31000 0.54200 0.04000 0.04000
0.00000 0.28600 0.65800 0.04000 0.04000
0.00000 0.26200 0.76800 0.04000 0.04000
1.00000 0.01800 0.72400 0.04000 0.04000
