0.00000 0.13400 0.32400 0.04000 0.04000
1.00000 0.02200 0.54200 0.04000 0.04000
3.00000 0.70800 0.00400 0.04000 0.04000
1.00000 0.81600 0.04000 0.04000 0.04000
0.00000 0.70800 0.26000 0.04000 0.04000
0.00000 0.60600 0.20800 0.04000 0.04000
3.00000 0.52600 0.11600 0.04000 0.04000
3.00000 0.41400 0.08600 0.04000 0.04000
3.00000 0.31800 0.02000 0.04000 0.04000
0.00000 0.29600 0.05800 0.04000 0.04000
0.00000 0.39600 0.11000 0.04000 0.04000
0.00000 0.50000 0.15600 0.04000 0.04000
0.00000 0.72000 0.37200 0.04000 0.04000
0.00000 0.67200 0.46800 0.04000 0.04000
0.00000 0.62400 0.57200 0.04000 0.04000
0.00000 0.57200 0.67800 0.04000 0.04000
0.00000 0.52200 0.78000 0.04000 0.04000
3.00000 0.55800 0.80200 0.04000 0.04000
0.00000 0.46800 0.88400 0.04000 0.04000
1.00000 0.69200 0.99200 0.04000 0.04000
0.00000 0.41400 0.98800 0.04000 0.04000
1.00000 0.79200 0.78800 0.04000 0.04000
1.00000 0.84000 0.68600 0.04000 0.04000
1.00000 0.89600 0.58200 0.04000 0.04000
