3.00000 0.20600 0.18000 0.04000 0.04000
3.00000 0.19600 0.37400 0.04000 0.04000
3.00000 0.05200 0.74000 0.04000 0.04000
3.00000 0.84600 0.68800 0.04000 0.04000
3.00000 0.83400 0.51600 0.04000 0.04000
3.00000 0.82400 0.35000 0.04000 0.04000
0.00000 0.76600 0.05200 0.04000 0.04000
0.00000 0.69000 0.14600 0.04000 0.04000
0.00000 0.77800 0.21400 0.04000 0.04000
0.00000 0.70800 0.31000 0.04000 0.04000
0.00000 0.79000 0.38000 0.04000 0.04000
0.00000 0.71800 0.47600 0.04000 0.04000
0.00000 0.80800 0.54600 0.04000 0.04000
0.00000 0.73400 0.64400 0.04000 0.04000
0.00000 0.82000 0.71600 0.04000 0.04000
0.00000 0.74600 0.80600 0.04000 0.04000
0.00000 0.75600 0.97600 0.04000 0.04000
0.00000 0.83200 0.88200 0.04000 0.04000
1.00000 0.92400 0.95600 0.04000 0.04000
1.00000 0.99200 0.86400 0.04000 0.04000
1.00000 0.97000 0.52600 0.04000 0.04000
1.00000 0.93000 0.02800 0.04000 0.04000
1.00000 0.85800 0.12200 0.04000 0.04000
1.00000 0.07800 0.70400 0.04000 0.04000
1.00000 0.16000 0.77400 0.04000 0.04000
1.00000 0.17800 0.94600 0.04000 0.04000
1.00000 0.08600 0.87600 0.04000 0.04000
0.00000 0.33000 0.76000 0.04000 0.04000
0.00000 0.25600 0.85400 0.04000 0.04000
0.00000 0.34400 0.92400 0.04000 0.04000
0.00000 0.24200 0.68600 0.04000 0.04000
0.00000 0.31800 0.59000 0.04000 0.04000
0.00000 0.23200 0.51800 0.04000 0.04000
0.00000 0.30200 0.42600 0.04000 0.04000
0.00000 0.21600 0.35400 0.04000 0.04000
0.00000 0.28800 0.26000 0.04000 0.04000
0.00000 0.27600 0.09400 0.04000 0.04000
1.00000 0.03600 0.20800 0.04000 0.04000
0.00000 0.18600 0.01800 0.04000 0.04000
1.00000 0.14800 0.60600 0.04000 0.04000
