0.00000 0.60600 0.44200 0.04000 0.04000
0.00000 0.70800 0.49400 0.04000 0.04000
1.00000 0.71600 0.22600 0.04000 0.04000
1.00000 0.82000 0.27000 0.04000 0.04000
3.00000 0.41400 0.31600 0.04000 0.04000
0.00000 0.39800 0.34200 0.04000 0.04000
3.00000 0.31800 0.24800 0.04000 0.04000
0.00000 0.29400 0.28800 0.04000 0.04000
0.00000 0.19200 0.23600 0.04000 0.04000
1.00000 0.30200 0.01800 0.04000 0.04000
1.00000 0.61200 0.17200 0.04000 0.04000
0.00000 0.13400 0.56200 0.04000 0.04000
1.00000 0.02600 0.77600 0.04000 0.04000
0.00000 0.03200 0.51000 0.04000 0.04000
3.00000 0.75000 0.62400 0.04000 0.04000
0.00000 0.72200 0.60800 0.04000 0.04000
0.00000 0.67200 0.70400 0.04000 0.04000
0.00000 0.62600 0.80600 0.04000 0.04000
3.00000 0.71400 0.72400 0.04000 0.04000
3.00000 0.67800 0.84000 0.04000 0.04000
0.00000 0.57000 0.90800 0.04000 0.04000
3.00000 0.73200 0.99000 0.04000 0.04000
