3.00000 0.44600 0.00200 0.04000 0.04000
3.00000 0.33600 0.02800 0.04000 0.04000
3.00000 0.56200 0.00400 0.04000 0.04000
3.00000 0.68200 0.00800 0.04000 0.04000
3.00000 0.79400 0.00800 0.04000 0.04000
3.00000 0.91000 0.01400 0.04000 0.04000
0.00000 0.91000 0.04400 0.04000 0.04000
0.00000 0.79600 0.04600 0.04000 0.04000
0.00000 0.68200 0.05200 0.04000 0.04000
0.00000 0.56400 0.05400 0.04000 0.04000
0.00000 0.44800 0.05800 0.04000 0.04000
0.00000 0.33800 0.06400 0.04000 0.04000
3.00000 0.22000 0.03400 0.04000 0.04000
0.00000 0.22000 0.07200 0.04000 0.04000
0.00000 0.93600 0.36200 0.04000 0.04000
1.00000 0.94400 0.60200 0.04000 0.04000
