0.00000 0.29800 0.10400 0.04000 0.04000
0.00000 0.22200 0.19000 0.04000 0.04000
0.00000 0.30000 0.26600 0.04000 0.04000
0.00000 0.22000 0.35200 0.04000 0.04000
0.00000 0.29600 0.42600 0.04000 0.04000
0.00000 0.21800 0.51200 0.04000 0.04000
0.00000 0.29800 0.59200 0.04000 0.04000
0.00000 0.22400 0.67000 0.04000 0.04000
0.00000 0.29800 0.75200 0.04000 0.04000
0.00000 0.21800 0.83400 0.04000 0.04000
0.00000 0.29800 0.92000 0.04000 0.04000
1.00000 0.12400 0.75800 0.04000 0.04000
1.00000 0.04600 0.68600 0.04000 0.04000
1.00000 0.12200 0.60000 0.04000 0.04000
1.00000 0.04800 0.52200 0.04000 0.04000
1.00000 0.12800 0.43400 0.04000 0.04000
1.00000 0.05000 0.35600 0.04000 0.04000
1.00000 0.13000 0.27400 0.04000 0.04000
1.00000 0.04800 0.19800 0.04000 0.04000
0.00000 0.22400 0.02400 0.04000 0.04000
0.00000 0.12400 0.10800 0.04000 0.04000
0.00000 0.04800 0.03200 0.04000 0.04000
1.00000 0.04400 0.85000 0.04000 0.04000
1.00000 0.12600 0.92600 0.04000 0.04000
3.00000 0.23000 0.99000 0.04000 0.04000
0.00000 0.70000 0.20400 0.04000 0.04000
0.00000 0.78400 0.28200 0.04000 0.04000
0.00000 0.70600 0.36600 0.04000 0.04000
0.00000 0.78400 0.43800 0.04000 0.04000
0.00000 0.70800 0.52800 0.04000 0.04000
0.00000 0.78600 0.60800 0.04000 0.04000
0.00000 0.70800 0.69400 0.04000 0.04000
0.00000 0.78800 0.76600 0.04000 0.04000
0.00000 0.70800 0.85200 0.04000 0.04000
0.00000 0.78000 0.93000 0.04000 0.04000
1.00000 0.88200 0.85200 0.04000 0.04000
1.00000 0.95600 0.92600 0.04000 0.04000
1.00000 0.95400 0.76200 0.04000 0.04000
1.00000 0.88000 0.68600 0.04000 0.04000
1.00000 0.95600 0.59600 0.04000 0.04000
1.00000 0.88000 0.52200 0.04000 0.04000
1.00000 0.95800 0.44000 0.04000 0.04000
1.00000 0.87800 0.36400 0.04000 0.04000
1.00000 0.95200 0.27000 0.04000 0.04000
1.00000 0.88400 0.19400 0.04000 0.04000
1.00000 0.87600 0.03200 0.04000 0.04000
1.00000 0.95400 0.10200 0.04000 0.04000
