0.00000 0.22200 0.33000 0.04000 0.04000
0.00000 0.30200 0.24200 0.04000 0.04000
0.00000 0.21800 0.16400 0.04000 0.04000
0.00000 0.29800 0.07600 0.04000 0.04000
0.00000 0.70600 0.15800 0.04000 0.04000
0.00000 0.79200 0.23800 0.04000 0.04000
0.00000 0.71200 0.32400 0.04000 0.04000
0.00000 0.79600 0.40400 0.04000 0.04000
3.00000 0.84200 0.35800 0.04000 0.04000
0.00000 0.71400 0.48800 0.04000 0.04000
0.00000 0.79400 0.56800 0.04000 0.04000
0.00000 0.71600 0.65400 0.04000 0.04000
0.00000 0.72000 0.82000 0.04000 0.04000
3.00000 0.79400 0.74000 0.04000 0.04000
0.00000 0.80000 0.90000 0.04000 0.04000
3.00000 0.81400 0.88600 0.04000 0.04000
1.00000 0.96800 0.72200 0.04000 0.04000
0.00000 0.71800 0.98800 0.04000 0.04000
1.00000 0.88400 0.47800 0.04000 0.04000
1.00000 0.95800 0.39000 0.04000 0.04000
1.00000 0.87800 0.14400 0.04000 0.04000
1.00000 0.95200 0.06200 0.04000 0.04000
3.00000 0.85000 0.00600 0.04000 0.04000
0.00000 0.30400 0.40400 0.04000 0.04000
0.00000 0.30600 0.57200 0.04000 0.04000
0.00000 0.22800 0.66000 0.04000 0.04000
0.00000 0.30800 0.73600 0.04000 0.04000
0.00000 0.31000 0.90600 0.04000 0.04000
0.00000 0.23200 0.83200 0.04000 0.04000
1.00000 0.14600 0.91800 0.04000 0.04000
1.00000 0.14000 0.75000 0.04000 0.04000
0.00000 0.22800 0.49800 0.04000 0.04000
1.00000 0.13400 0.25000 0.04000 0.04000
1.00000 0.05400 0.17400 0.04000 0.04000
1.00000 0.05400 0.34000 0.04000 0.04000
3.00000 0.20200 0.35000 0.04000 0.04000
1.00000 0.97000 0.89200 0.04000 0.04000
