0.00000 0.18400 0.77400 0.04000 0.04000
0.00000 0.27200 0.84600 0.04000 0.04000
0.00000 0.19600 0.94200 0.04000 0.04000
0.00000 0.26200 0.67400 0.04000 0.04000
0.00000 0.18000 0.60200 0.04000 0.04000
0.00000 0.25400 0.51000 0.04000 0.04000
0.00000 0.17200 0.43800 0.04000 0.04000
0.00000 0.24400 0.34200 0.04000 0.04000
0.00000 0.16400 0.27200 0.04000 0.04000
0.00000 0.23600 0.18200 0.04000 0.04000
0.00000 0.14800 0.10800 0.04000 0.04000
0.00000 0.22400 0.02400 0.04000 0.04000
0.00000 0.63400 0.08600 0.04000 0.04000
0.00000 0.71800 0.15800 0.04000 0.04000
0.00000 0.64600 0.25200 0.04000 0.04000
0.00000 0.73400 0.32200 0.04000 0.04000
0.00000 0.65800 0.41400 0.04000 0.04000
0.00000 0.74600 0.48600 0.04000 0.04000
0.00000 0.67200 0.57000 0.04000 0.04000
0.00000 0.76000 0.64600 0.04000 0.04000
0.00000 0.68600 0.73400 0.04000 0.04000
0.00000 0.77000 0.81000 0.04000 0.04000
0.00000 0.69600 0.90200 0.04000 0.04000
1.00000 0.93800 0.78800 0.04000 0.04000
1.00000 0.85200 0.72000 0.04000 0.04000
1.00000 0.92600 0.62800 0.04000 0.04000
1.00000 0.84400 0.55000 0.04000 0.04000
1.00000 0.91200 0.46000 0.04000 0.04000
1.00000 0.83000 0.39000 0.04000 0.04000
1.00000 0.90400 0.30200 0.04000 0.04000
1.00000 0.81600 0.23000 0.04000 0.04000
1.00000 0.88400 0.13600 0.04000 0.04000
1.00000 0.80600 0.06800 0.04000 0.04000
1.00000 0.06800 0.20200 0.04000 0.04000
1.00000 0.07200 0.36400 0.04000 0.04000
1.00000 0.09000 0.52200 0.04000 0.04000
3.00000 0.13800 0.64800 0.04000 0.04000
1.00000 0.01200 0.61600 0.04000 0.04000
1.00000 0.10800 0.86000 0.04000 0.04000
