0.00000 0.91200 0.93000 0.04000 0.04000
3.00000 0.95200 0.99000 0.04000 0.04000
0.00000 0.75800 0.50600 0.04000 0.04000
0.00000 0.87200 0.52600 0.04000 0.04000
0.00000 0.78600 0.38600 0.04000 0.04000
0.00000 0.67400 0.36000 0.04000 0.04000
0.00000 0.70000 0.24800 0.04000 0.04000
0.00000 0.59000 0.22400 0.04000 0.04000
0.00000 0.61200 0.11200 0.04000 0.04000
0.00000 0.49800 0.09000 0.04000 0.04000
0.00000 0.36400 0.63400 0.04000 0.04000
0.00000 0.25400 0.60600 0.04000 0.04000
0.00000 0.27800 0.49200 0.04000 0.04000
0.00000 0.17200 0.46800 0.04000 0.04000
0.00000 0.19400 0.35400 0.04000 0.04000
0.00000 0.08400 0.32800 0.04000 0.04000
0.00000 0.10600 0.21600 0.04000 0.04000
1.00000 0.21800 0.73000 0.04000 0.04000
1.00000 0.20200 0.84000 0.04000 0.04000
1.00000 0.30400 0.86400 0.04000 0.04000
1.00000 0.11600 0.70000 0.04000 0.04000
1.00000 0.13400 0.58800 0.04000 0.04000
1.00000 0.02600 0.56200 0.04000 0.04000
1.00000 0.05000 0.45400 0.04000 0.04000
0.00000 0.08200 0.82200 0.04000 0.04000
0.00000 0.05800 0.94400 0.04000 0.04000
0.00000 0.16200 0.96000 0.04000 0.04000
1.00000 0.73200 0.12400 0.04000 0.04000
1.00000 0.83600 0.15000 0.04000 0.04000
1.00000 0.81800 0.26400 0.04000 0.04000
1.00000 0.93000 0.28400 0.04000 0.04000
1.00000 0.90600 0.40000 0.04000 0.04000
0.00000 0.96000 0.16600 0.04000 0.04000
0.00000 0.98000 0.05000 0.04000 0.04000
0.00000 0.87800 0.02000 0.04000 0.04000
1.00000 0.75200 0.01600 0.04000 0.04000
3.00000 0.64400 0.00800 0.04000 0.04000
3.00000 0.52000 0.00800 0.04000 0.04000
