0.00000 0.10200 0.11600 0.04000 0.04000
0.00000 0.10600 0.31600 0.04000 0.04000
3.00000 0.03200 0.21400 0.04000 0.04000
3.00000 0.00600 0.46800 0.04000 0.04000
0.00000 0.10400 0.51600 0.04000 0.04000
3.00000 0.02600 0.63600 0.04000 0.04000
0.00000 0.11000 0.71800 0.04000 0.04000
3.00000 0.00600 0.87000 0.04000 0.04000
0.00000 0.11000 0.91800 0.04000 0.04000
3.00000 0.06000 0.99000 0.04000 0.04000
0.00000 0.83400 0.98600 0.04000 0.04000
3.00000 0.91600 0.90800 0.04000 0.04000
0.00000 0.84000 0.82000 0.04000 0.04000
0.00000 0.92200 0.73200 0.04000 0.04000
0.00000 0.84200 0.65400 0.04000 0.04000
3.00000 0.96200 0.53000 0.04000 0.04000
3.00000 0.99200 0.66000 0.04000 0.04000
3.00000 0.99200 0.33600 0.04000 0.04000
3.00000 0.99200 0.17000 0.04000 0.04000
3.00000 0.98800 0.00800 0.04000 0.04000
0.00000 0.92400 0.07200 0.04000 0.04000
0.00000 0.84800 0.15400 0.04000 0.04000
0.00000 0.92600 0.23400 0.04000 0.04000
0.00000 0.84800 0.31800 0.04000 0.04000
0.00000 0.92800 0.39600 0.04000 0.04000
0.00000 0.84800 0.48800 0.04000 0.04000
0.00000 0.92400 0.56200 0.04000 0.04000
