0.00000 0.88200 0.61200 0.04000 0.04000
0.00000 0.87200 0.81200 0.04000 0.04000
0.00000 0.89000 0.40600 0.04000 0.04000
0.00000 0.90000 0.19800 0.04000 0.04000
3.00000 0.97200 0.32000 0.04000 0.04000
3.00000 0.99000 0.56800 0.04000 0.04000
3.00000 0.95600 0.72200 0.04000 0.04000
3.00000 0.97200 0.96200 0.04000 0.04000
0.00000 0.01400 0.83600 0.04000 0.04000
0.00000 0.09000 0.91800 0.04000 0.04000
3.00000 0.02400 0.97800 0.04000 0.04000
0.00000 0.09600 0.75000 0.04000 0.04000
0.00000 0.02600 0.67000 0.04000 0.04000
0.00000 0.10600 0.58800 0.04000 0.04000
0.00000 0.03400 0.50800 0.04000 0.04000
0.00000 0.11400 0.42000 0.04000 0.04000
0.00000 0.04000 0.34800 0.04000 0.04000
0.00000 0.12600 0.25800 0.04000 0.04000
0.00000 0.04800 0.17400 0.04000 0.04000
0.00000 0.13800 0.08800 0.04000 0.04000
0.00000 0.06200 0.01000 0.04000 0.04000
3.00000 0.00800 0.37400 0.04000 0.04000
3.00000 0.01000 0.52400 0.04000 0.04000
3.00000 0.00800 0.68800 0.04000 0.04000
3.00000 0.96600 0.08800 0.04000 0.04000
