3.00000 0.51600 0.28800 0.04000 0.04000
3.00000 0.41000 0.25000 0.04000 0.04000
3.00000 0.30800 0.18000 0.04000 0.04000
3.00000 0.27000 0.00600 0.04000 0.04000
0.00000 0.19000 0.16400 0.04000 0.04000
0.00000 0.29600 0.21600 0.04000 0.04000
0.00000 0.08200 0.11200 0.04000 0.04000
0.00000 0.60800 0.37000 0.04000 0.04000
0.00000 0.50400 0.32200 0.04000 0.04000
0.00000 0.39600 0.27400 0.04000 0.04000
1.00000 0.71400 0.15200 0.04000 0.04000
1.00000 0.81600 0.19600 0.04000 0.04000
0.00000 0.70600 0.42400 0.04000 0.04000
3.00000 0.74800 0.54800 0.04000 0.04000
1.00000 0.89400 0.74200 0.04000 0.04000
1.00000 0.83600 0.84800 0.04000 0.04000
1.00000 0.78600 0.94600 0.04000 0.04000
3.00000 0.55200 0.95800 0.04000 0.04000
1.00000 0.02200 0.70600 0.04000 0.04000
0.00000 0.13000 0.49000 0.04000 0.04000
0.00000 0.51600 0.94200 0.04000 0.04000
0.00000 0.57200 0.83600 0.04000 0.04000
0.00000 0.62200 0.73400 0.04000 0.04000
0.00000 0.67400 0.63000 0.04000 0.04000
