0.00000 0.34400 0.42800 0.04000 0.04000
0.00000 0.34600 0.53800 0.04000 0.04000
0.00000 0.35000 0.65600 0.04000 0.04000
0.00000 0.35400 0.77200 0.04000 0.04000
0.00000 0.35800 0.88600 0.04000 0.04000
1.00000 0.10800 0.77600 0.04000 0.04000
1.00000 0.10200 0.66600 0.04000 0.04000
1.00000 0.09800 0.55200 0.04000 0.04000
1.00000 0.09600 0.43600 0.04000 0.04000
0.00000 0.65800 0.42600 0.04000 0.04000
0.00000 0.66200 0.58800 0.04000 0.04000
0.00000 0.66600 0.75000 0.04000 0.04000
0.00000 0.67000 0.87400 0.04000 0.04000
0.00000 0.67200 0.98400 0.04000 0.04000
1.00000 0.91800 0.98000 0.04000 0.04000
1.00000 0.91400 0.86400 0.04000 0.04000
1.00000 0.91200 0.74400 0.04000 0.04000
1.00000 0.90600 0.58000 0.04000 0.04000
1.00000 0.90400 0.41600 0.04000 0.04000
