0.00000 0.69400 0.40800 0.04000 0.04000
0.00000 0.59200 0.36600 0.04000 0.04000
3.00000 0.49800 0.28200 0.04000 0.04000
3.00000 0.38400 0.26000 0.04000 0.04000
3.00000 0.28600 0.19600 0.04000 0.04000
3.00000 0.74400 0.53000 0.04000 0.04000
3.00000 0.58600 0.95400 0.04000 0.04000
0.00000 0.54600 0.94200 0.04000 0.04000
0.00000 0.59000 0.83600 0.04000 0.04000
0.00000 0.63400 0.72800 0.04000 0.04000
0.00000 0.67600 0.62200 0.04000 0.04000
0.00000 0.71800 0.52000 0.04000 0.04000
1.00000 0.90400 0.71400 0.04000 0.04000
1.00000 0.86000 0.82200 0.04000 0.04000
1.00000 0.81600 0.92600 0.04000 0.04000
1.00000 0.68000 0.13600 0.04000 0.04000
1.00000 0.79000 0.17400 0.04000 0.04000
0.00000 0.48000 0.32400 0.04000 0.04000
0.00000 0.37200 0.28600 0.04000 0.04000
0.00000 0.26600 0.23600 0.04000 0.04000
3.00000 0.24000 0.00800 0.04000 0.04000
0.00000 0.16200 0.19600 0.04000 0.04000
0.00000 0.05400 0.15600 0.04000 0.04000
0.00000 0.13200 0.51800 0.04000 0.04000
1.00000 0.03800 0.75000 0.04000 0.04000
