0.00000 0.65400 0.18000 0.04000 0.04000
0.00000 0.96800 0.27600 0.04000 0.04000
3.00000 0.99200 0.19400 0.04000 0.04000
1.00000 0.69800 0.04400 0.04000 0.04000
3.00000 0.37000 0.00400 0.04000 0.04000
0.00000 0.34000 0.09000 0.04000 0.04000
0.00000 0.35800 0.53600 0.04000 0.04000
0.00000 0.30000 0.73000 0.04000 0.04000
0.00000 0.23800 0.92000 0.04000 0.04000
0.00000 0.53800 0.80600 0.04000 0.04000
0.00000 0.59800 0.61200 0.04000 0.04000
1.00000 0.70200 0.93200 0.04000 0.04000
3.00000 0.60000 0.99000 0.04000 0.04000
1.00000 0.08200 0.75000 0.04000 0.04000
1.00000 0.02400 0.94000 0.04000 0.04000
1.00000 0.80200 0.97200 0.04000 0.04000
