3.00000 0.36600 0.21800 0.04000 0.04000
3.00000 0.73200 0.35000 0.04000 0.04000
3.00000 0.74600 0.23600 0.04000 0.04000
1.00000 0.96400 0.02000 0.04000 0.04000
1.00000 0.15200 0.09200 0.04000 0.04000
1.00000 0.13000 0.55400 0.04000 0.04000
1.00000 0.13400 0.44000 0.04000 0.04000
1.00000 0.12600 0.66800 0.04000 0.04000
0.00000 0.37200 0.68000 0.04000 0.04000
0.00000 0.37600 0.56800 0.04000 0.04000
0.00000 0.38400 0.44800 0.04000 0.04000
0.00000 0.38800 0.33600 0.04000 0.04000
0.00000 0.39400 0.22200 0.04000 0.04000
0.00000 0.40200 0.10400 0.04000 0.04000
0.00000 0.36600 0.91200 0.04000 0.04000
1.00000 0.11600 0.89600 0.04000 0.04000
0.00000 0.68200 0.81000 0.04000 0.04000
0.00000 0.67600 0.92600 0.04000 0.04000
1.00000 0.92000 0.93400 0.04000 0.04000
1.00000 0.92600 0.82000 0.04000 0.04000
1.00000 0.94400 0.47800 0.04000 0.04000
0.00000 0.70200 0.34400 0.04000 0.04000
0.00000 0.70600 0.23600 0.04000 0.04000
0.00000 0.71200 0.12200 0.04000 0.04000
0.00000 0.69600 0.46600 0.04000 0.04000
0.00000 0.69200 0.57600 0.04000 0.04000
1.00000 0.93600 0.59000 0.04000 0.04000
