0.00000 0.38400 0.58400 0.04000 0.04000
0.00000 0.35400 0.69400 0.04000 0.04000
0.00000 0.41200 0.46600 0.04000 0.04000
0.00000 0.43600 0.35600 0.04000 0.04000
3.00000 0.43400 0.23800 0.04000 0.04000
0.00000 0.46200 0.24800 0.04000 0.04000
1.00000 0.19800 0.30000 0.04000 0.04000
1.00000 0.16800 0.40600 0.04000 0.04000
1.00000 0.11200 0.63200 0.04000 0.04000
1.00000 0.14400 0.52600 0.04000 0.04000
0.00000 0.77600 0.30800 0.04000 0.04000
0.00000 0.74400 0.41000 0.04000 0.04000
1.00000 0.98600 0.46800 0.04000 0.04000
3.00000 0.99200 0.36000 0.04000 0.04000
3.00000 0.83200 0.21200 0.04000 0.04000
3.00000 0.86000 0.10400 0.04000 0.04000
0.00000 0.82600 0.09200 0.04000 0.04000
0.00000 0.79800 0.20400 0.04000 0.04000
