0.00000 0.29000 0.29000 0.04000 0.04000
0.00000 0.24400 0.39600 0.04000 0.04000
0.00000 0.33400 0.18400 0.04000 0.04000
0.00000 0.38000 0.08200 0.04000 0.04000
3.00000 0.21200 0.00800 0.04000 0.04000
1.00000 0.10600 0.08400 0.04000 0.04000
1.00000 0.06200 0.19200 0.04000 0.04000
1.00000 0.01600 0.29400 0.04000 0.04000
1.00000 0.79000 0.62600 0.04000 0.04000
1.00000 0.83000 0.51800 0.04000 0.04000
1.00000 0.87600 0.41200 0.04000 0.04000
1.00000 0.92200 0.30600 0.04000 0.04000
1.00000 0.96600 0.20000 0.04000 0.04000
0.00000 0.56000 0.52600 0.04000 0.04000
0.00000 0.60800 0.42000 0.04000 0.04000
0.00000 0.64800 0.31800 0.04000 0.04000
0.00000 0.69200 0.21000 0.04000 0.04000
0.00000 0.73800 0.10400 0.04000 0.04000
0.00000 0.09200 0.71600 0.04000 0.04000
0.00000 0.04200 0.61600 0.04000 0.04000
0.00000 0.42000 0.96600 0.04000 0.04000
1.00000 0.64400 0.88000 0.04000 0.04000
1.00000 0.68400 0.97800 0.04000 0.04000
