0.00000 0.17200 0.42000 0.04000 0.04000
0.00000 0.11800 0.33000 0.04000 0.04000
3.00000 0.07600 0.35000 0.04000 0.04000
0.00000 0.90400 0.65600 0.04000 0.04000
3.00000 0.96800 0.80400 0.04000 0.04000
3.00000 0.93000 0.99000 0.04000 0.04000
0.00000 0.86800 0.85400 0.04000 0.04000
0.00000 0.94200 0.45400 0.04000 0.04000
0.00000 0.97800 0.25400 0.04000 0.04000
3.00000 0.98800 0.56600 0.04000 0.04000
0.00000 0.20600 0.25800 0.04000 0.04000
0.00000 0.14600 0.16400 0.04000 0.04000
0.00000 0.24000 0.09600 0.04000 0.04000
0.00000 0.18000 0.00600 0.04000 0.04000
3.00000 0.04200 0.51200 0.04000 0.04000
0.00000 0.07600 0.49200 0.04000 0.04000
0.00000 0.13400 0.58400 0.04000 0.04000
0.00000 0.04000 0.65200 0.04000 0.04000
0.00000 0.09800 0.74600 0.04000 0.04000
0.00000 0.00800 0.81600 0.04000 0.04000
0.00000 0.06400 0.91000 0.04000 0.04000
3.00000 0.00600 0.67400 0.04000 0.04000
1.00000 0.03800 0.23000 0.04000 0.04000
3.00000 0.01400 0.11800 0.04000 0.04000
