0.00000 0.30400 0.68000 0.04000 0.04000
0.00000 0.23200 0.59400 0.04000 0.04000
0.00000 0.32000 0.50800 0.04000 0.04000
0.00000 0.25000 0.42400 0.04000 0.04000
0.00000 0.33400 0.34400 0.04000 0.04000
0.00000 0.26000 0.25800 0.04000 0.04000
0.00000 0.34800 0.17400 0.04000 0.04000
1.00000 0.16400 0.33600 0.04000 0.04000
1.00000 0.08000 0.42000 0.04000 0.04000
3.00000 0.21400 0.45000 0.04000 0.04000
1.00000 0.14000 0.66800 0.04000 0.04000
1.00000 0.12600 0.83800 0.04000 0.04000
0.00000 0.72000 0.79000 0.04000 0.04000
0.00000 0.79600 0.87400 0.04000 0.04000
0.00000 0.89200 0.79200 0.04000 0.04000
0.00000 0.96800 0.87000 0.04000 0.04000
1.00000 0.97000 0.71000 0.04000 0.04000
0.00000 0.80600 0.70800 0.04000 0.04000
0.00000 0.73200 0.62400 0.04000 0.04000
0.00000 0.81600 0.54000 0.04000 0.04000
3.00000 0.83800 0.52800 0.04000 0.04000
0.00000 0.74200 0.45600 0.04000 0.04000
0.00000 0.83200 0.37400 0.04000 0.04000
0.00000 0.75800 0.29000 0.04000 0.04000
0.00000 0.84600 0.21200 0.04000 0.04000
0.00000 0.77000 0.12600 0.04000 0.04000
0.00000 0.85400 0.04600 0.04000 0.04000
1.00000 0.92200 0.29800 0.04000 0.04000
3.00000 0.98800 0.23600 0.04000 0.04000
1.00000 0.93600 0.13600 0.04000 0.04000
