0.00000 0.05600 0.80600 0.04000 0.04000
0.00000 0.10200 0.91000 0.04000 0.04000
3.00000 0.04200 0.93600 0.04000 0.04000
3.00000 0.00600 0.82600 0.04000 0.04000
0.00000 0.24800 0.58200 0.04000 0.04000
0.00000 0.28200 0.47200 0.04000 0.04000
0.00000 0.32200 0.36600 0.04000 0.04000
0.00000 0.35800 0.26200 0.04000 0.04000
0.00000 0.40800 0.14600 0.04000 0.04000
0.00000 0.44000 0.04000 0.04000 0.04000
3.00000 0.34800 0.00200 0.04000 0.04000
1.00000 0.16800 0.05800 0.04000 0.04000
1.00000 0.13000 0.16600 0.04000 0.04000
1.00000 0.09400 0.28200 0.04000 0.04000
1.00000 0.05200 0.38800 0.04000 0.04000
1.00000 0.01000 0.49200 0.04000 0.04000
0.00000 0.56400 0.69600 0.04000 0.04000
0.00000 0.60200 0.59000 0.04000 0.04000
0.00000 0.64600 0.47800 0.04000 0.04000
0.00000 0.68400 0.37400 0.04000 0.04000
0.00000 0.72000 0.26400 0.04000 0.04000
0.00000 0.76200 0.15800 0.04000 0.04000
0.00000 0.80200 0.04600 0.04000 0.04000
1.00000 0.99200 0.24000 0.04000 0.04000
1.00000 0.95600 0.35200 0.04000 0.04000
1.00000 0.91600 0.45600 0.04000 0.04000
1.00000 0.87400 0.56400 0.04000 0.04000
1.00000 0.83400 0.67600 0.04000 0.04000
1.00000 0.79400 0.78000 0.04000 0.04000
