0.00000 0.42200 0.25600 0.04000 0.04000
0.00000 0.50400 0.18200 0.04000 0.04000
0.00000 0.58400 0.25600 0.04000 0.04000
1.00000 0.41800 0.08600 0.04000 0.04000
1.00000 0.33600 0.01000 0.04000 0.04000
1.00000 0.25400 0.08400 0.04000 0.04000
3.00000 0.67200 0.18200 0.04000 0.04000
0.00000 0.75200 0.26200 0.04000 0.04000
0.00000 0.83800 0.18600 0.04000 0.04000
1.00000 0.75200 0.09400 0.04000 0.04000
1.00000 0.66800 0.01600 0.04000 0.04000
0.00000 0.91600 0.26400 0.04000 0.04000
0.00000 0.40800 0.74400 0.04000 0.04000
0.00000 0.48800 0.66800 0.04000 0.04000
0.00000 0.57200 0.75000 0.04000 0.04000
0.00000 0.65400 0.67000 0.04000 0.04000
0.00000 0.74000 0.75400 0.04000 0.04000
0.00000 0.82000 0.68000 0.04000 0.04000
3.00000 0.98800 0.84200 0.04000 0.04000
0.00000 0.98600 0.67800 0.04000 0.04000
0.00000 0.90600 0.76000 0.04000 0.04000
1.00000 0.82000 0.84600 0.04000 0.04000
1.00000 0.74200 0.92200 0.04000 0.04000
1.00000 0.65600 0.84000 0.04000 0.04000
1.00000 0.58200 0.91600 0.04000 0.04000
1.00000 0.49600 0.83400 0.04000 0.04000
1.00000 0.41200 0.91400 0.04000 0.04000
0.00000 0.24000 0.74400 0.04000 0.04000
0.00000 0.32400 0.66200 0.04000 0.04000
0.00000 0.23600 0.90800 0.04000 0.04000
