0.00000 0.41400 0.20200 0.04000 0.04000
0.00000 0.41200 0.32000 0.04000 0.04000
0.00000 0.41200 0.43000 0.04000 0.04000
0.00000 0.41200 0.54800 0.04000 0.04000
0.00000 0.41400 0.66000 0.04000 0.04000
0.00000 0.41400 0.77400 0.04000 0.04000
0.00000 0.41400 0.89400 0.04000 0.04000
1.00000 0.16400 0.89600 0.04000 0.04000
1.00000 0.16400 0.78000 0.04000 0.04000
1.00000 0.16600 0.66000 0.04000 0.04000
1.00000 0.16200 0.54600 0.04000 0.04000
1.00000 0.16400 0.43000 0.04000 0.04000
1.00000 0.16600 0.31600 0.04000 0.04000
1.00000 0.16600 0.20400 0.04000 0.04000
0.00000 0.62200 0.25800 0.04000 0.04000
0.00000 0.62000 0.58000 0.04000 0.04000
0.00000 0.62200 0.90600 0.04000 0.04000
1.00000 0.76600 0.90600 0.04000 0.04000
1.00000 0.76400 0.58200 0.04000 0.04000
1.00000 0.76600 0.25800 0.04000 0.04000
