3.00000 0.31200 0.03200 0.04000 0.04000
3.00000 0.31600 0.26200 0.04000 0.04000
3.00000 0.71600 0.26200 0.04000 0.04000
0.00000 0.36000 0.60800 0.04000 0.04000
0.00000 0.35800 0.49000 0.04000 0.04000
0.00000 0.35400 0.38000 0.04000 0.04000
0.00000 0.35400 0.26400 0.04000 0.04000
0.00000 0.34800 0.14800 0.04000 0.04000
0.00000 0.34800 0.03000 0.04000 0.04000
1.00000 0.10000 0.15200 0.04000 0.04000
1.00000 0.10800 0.38600 0.04000 0.04000
1.00000 0.11200 0.49600 0.04000 0.04000
1.00000 0.11200 0.61000 0.04000 0.04000
1.00000 0.91800 0.48400 0.04000 0.04000
1.00000 0.92400 0.60600 0.04000 0.04000
0.00000 0.67400 0.60600 0.04000 0.04000
0.00000 0.67000 0.49400 0.04000 0.04000
0.00000 0.66800 0.37400 0.04000 0.04000
0.00000 0.66600 0.26200 0.04000 0.04000
0.00000 0.66200 0.14600 0.04000 0.04000
1.00000 0.91000 0.14200 0.04000 0.04000
1.00000 0.91600 0.37000 0.04000 0.04000
1.00000 0.92800 0.81600 0.04000 0.04000
0.00000 0.68000 0.82600 0.04000 0.04000
3.00000 0.71400 0.93600 0.04000 0.04000
0.00000 0.68200 0.93800 0.04000 0.04000
0.00000 0.36400 0.72600 0.04000 0.04000
