0.00000 0.56600 0.87200 0.04000 0.04000
0.00000 0.89400 0.83200 0.04000 0.04000
1.00000 0.90800 0.98000 0.04000 0.04000
3.00000 0.57800 0.99000 0.04000 0.04000
3.00000 0.25000 0.99000 0.04000 0.04000
0.00000 0.24200 0.90200 0.04000 0.04000
0.00000 0.36800 0.46400 0.04000 0.04000
0.00000 0.34600 0.26200 0.04000 0.04000
0.00000 0.32400 0.06400 0.04000 0.04000
3.00000 0.27000 0.00600 0.04000 0.04000
3.00000 0.58200 0.00400 0.04000 0.04000
0.00000 0.55800 0.04000 0.04000 0.04000
0.00000 0.58400 0.24000 0.04000 0.04000
0.00000 0.60200 0.43600 0.04000 0.04000
1.00000 0.77800 0.13400 0.04000 0.04000
3.00000 0.71000 0.00600 0.04000 0.04000
1.00000 0.87000 0.12200 0.04000 0.04000
3.00000 0.92200 0.00600 0.04000 0.04000
1.00000 0.14000 0.21000 0.04000 0.04000
1.00000 0.11800 0.01200 0.04000 0.04000
1.00000 0.02600 0.01400 0.04000 0.04000
1.00000 0.04600 0.21200 0.04000 0.04000
