0.00000 0.65000 0.80800 0.04000 0.04000
0.00000 0.63600 0.48200 0.04000 0.04000
0.00000 0.61600 0.15400 0.04000 0.04000
1.00000 0.76600 0.14800 0.04000 0.04000
1.00000 0.77800 0.47800 0.04000 0.04000
1.00000 0.79000 0.80000 0.04000 0.04000
0.00000 0.39600 0.95600 0.04000 0.04000
3.00000 0.36400 0.98800 0.04000 0.04000
0.00000 0.38800 0.78800 0.04000 0.04000
0.00000 0.31000 0.71400 0.04000 0.04000
0.00000 0.38800 0.62400 0.04000 0.04000
0.00000 0.30600 0.55000 0.04000 0.04000
0.00000 0.38400 0.45800 0.04000 0.04000
0.00000 0.30200 0.38400 0.04000 0.04000
0.00000 0.38000 0.29200 0.04000 0.04000
0.00000 0.38000 0.12400 0.04000 0.04000
0.00000 0.29600 0.21200 0.04000 0.04000
1.00000 0.21400 0.46800 0.04000 0.04000
1.00000 0.13600 0.55800 0.04000 0.04000
1.00000 0.21600 0.63600 0.04000 0.04000
1.00000 0.13200 0.22600 0.04000 0.04000
0.00000 0.12800 0.05600 0.04000 0.04000
1.00000 0.22000 0.79800 0.04000 0.04000
