0.00000 0.64200 0.42000 0.04000 0.04000
0.00000 0.59400 0.09800 0.04000 0.04000
0.00000 0.68400 0.74400 0.04000 0.04000
1.00000 0.82800 0.72200 0.04000 0.04000
1.00000 0.78400 0.40000 0.04000 0.04000
1.00000 0.74200 0.07800 0.04000 0.04000
0.00000 0.34400 0.09600 0.04000 0.04000
0.00000 0.25600 0.02800 0.04000 0.04000
3.00000 0.28200 0.18000 0.04000 0.04000
0.00000 0.36600 0.26000 0.04000 0.04000
0.00000 0.38200 0.42400 0.04000 0.04000
0.00000 0.31400 0.52400 0.04000 0.04000
0.00000 0.40200 0.58800 0.04000 0.04000
0.00000 0.33200 0.68800 0.04000 0.04000
0.00000 0.42200 0.75600 0.04000 0.04000
0.00000 0.35000 0.85800 0.04000 0.04000
0.00000 0.44000 0.92400 0.04000 0.04000
3.00000 0.41600 0.96200 0.04000 0.04000
1.00000 0.27600 0.94800 0.04000 0.04000
1.00000 0.18400 0.88400 0.04000 0.04000
1.00000 0.25600 0.78000 0.04000 0.04000
1.00000 0.17000 0.72000 0.04000 0.04000
0.00000 0.09200 0.80800 0.04000 0.04000
0.00000 0.01800 0.90400 0.04000 0.04000
0.00000 0.10600 0.97400 0.04000 0.04000
1.00000 0.23600 0.62000 0.04000 0.04000
3.00000 0.29000 0.36400 0.04000 0.04000
1.00000 0.11200 0.22200 0.04000 0.04000
1.00000 0.17600 0.12200 0.04000 0.04000
1.00000 0.09000 0.05400 0.04000 0.04000
