0.00000 0.35000 0.23200 0.04000 0.04000
0.00000 0.71200 0.47400 0.04000 0.04000
0.00000 0.58600 0.77600 0.04000 0.04000
1.00000 0.72000 0.83000 0.04000 0.04000
1.00000 0.84600 0.52800 0.04000 0.04000
1.00000 0.97800 0.22400 0.04000 0.04000
0.00000 0.84000 0.17000 0.04000 0.04000
0.00000 0.26000 0.45200 0.04000 0.04000
0.00000 0.07800 0.37200 0.04000 0.04000
3.00000 0.00600 0.38800 0.04000 0.04000
3.00000 0.00600 0.50600 0.04000 0.04000
3.00000 0.00600 0.80000 0.04000 0.04000
0.00000 0.07000 0.90600 0.04000 0.04000
0.00000 0.16800 0.15600 0.04000 0.04000
3.00000 0.07600 0.00600 0.04000 0.04000
3.00000 0.21200 0.00800 0.04000 0.04000
