0.00000 0.69400 0.73000 0.04000 0.04000
0.00000 0.68800 0.61600 0.04000 0.04000
3.00000 0.74200 0.61800 0.04000 0.04000
1.00000 0.93400 0.49400 0.04000 0.04000
1.00000 0.93200 0.38400 0.04000 0.04000
0.00000 0.68400 0.38400 0.04000 0.04000
0.00000 0.68400 0.50200 0.04000 0.04000
3.00000 0.71600 0.27200 0.04000 0.04000
0.00000 0.68000 0.27200 0.04000 0.04000
0.00000 0.68000 0.16000 0.04000 0.04000
1.00000 0.92400 0.15400 0.04000 0.04000
1.00000 0.92000 0.03800 0.04000 0.04000
0.00000 0.67600 0.04400 0.04000 0.04000
0.00000 0.36400 0.05000 0.04000 0.04000
0.00000 0.36400 0.16600 0.04000 0.04000
3.00000 0.33400 0.16600 0.04000 0.04000
3.00000 0.32200 0.05200 0.04000 0.04000
0.00000 0.36800 0.28200 0.04000 0.04000
0.00000 0.37000 0.39400 0.04000 0.04000
0.00000 0.37600 0.51200 0.04000 0.04000
0.00000 0.37600 0.62800 0.04000 0.04000
0.00000 0.38200 0.74400 0.04000 0.04000
0.00000 0.38200 0.85600 0.04000 0.04000
1.00000 0.13600 0.86200 0.04000 0.04000
3.00000 0.31400 0.74400 0.04000 0.04000
1.00000 0.12600 0.51800 0.04000 0.04000
3.00000 0.30600 0.63000 0.04000 0.04000
1.00000 0.12400 0.40600 0.04000 0.04000
1.00000 0.12000 0.28800 0.04000 0.04000
1.00000 0.94000 0.72800 0.04000 0.04000
1.00000 0.94600 0.95600 0.04000 0.04000
0.00000 0.69800 0.96600 0.04000 0.04000
