3.00000 0.18800 0.07600 0.04000 0.04000
3.00000 0.30000 0.05200 0.04000 0.04000
3.00000 0.41200 0.00600 0.04000 0.04000
3.00000 0.53200 0.01600 0.04000 0.04000
3.00000 0.64800 0.01800 0.04000 0.04000
3.00000 0.76000 0.00800 0.04000 0.04000
3.00000 0.87600 0.01200 0.04000 0.04000
0.00000 0.87600 0.04200 0.04000 0.04000
0.00000 0.76600 0.04800 0.04000 0.04000
0.00000 0.65200 0.06200 0.04000 0.04000
0.00000 0.53200 0.07000 0.04000 0.04000
0.00000 0.42000 0.08200 0.04000 0.04000
0.00000 0.30800 0.09200 0.04000 0.04000
0.00000 0.19200 0.10600 0.04000 0.04000
0.00000 0.92200 0.35200 0.04000 0.04000
1.00000 0.94400 0.59800 0.04000 0.04000
