0.00000 0.62600 0.17600 0.04000 0.04000
0.00000 0.62000 0.50200 0.04000 0.04000
0.00000 0.61000 0.82600 0.04000 0.04000
1.00000 0.75600 0.83200 0.04000 0.04000
1.00000 0.76600 0.50600 0.04000 0.04000
1.00000 0.77400 0.17800 0.04000 0.04000
0.00000 0.42200 0.08200 0.04000 0.04000
0.00000 0.42000 0.20000 0.04000 0.04000
0.00000 0.41800 0.31200 0.04000 0.04000
0.00000 0.41400 0.42800 0.04000 0.04000
0.00000 0.41200 0.54400 0.04000 0.04000
0.00000 0.41200 0.65400 0.04000 0.04000
0.00000 0.40600 0.77000 0.04000 0.04000
0.00000 0.40600 0.88600 0.04000 0.04000
1.00000 0.15600 0.88000 0.04000 0.04000
1.00000 0.15800 0.76600 0.04000 0.04000
1.00000 0.16200 0.65000 0.04000 0.04000
1.00000 0.16400 0.54000 0.04000 0.04000
1.00000 0.16600 0.42000 0.04000 0.04000
1.00000 0.17000 0.30800 0.04000 0.04000
1.00000 0.17000 0.19200 0.04000 0.04000
1.00000 0.17400 0.07800 0.04000 0.04000
