3.00000 0.24600 0.18800 0.04000 0.04000
0.00000 0.26200 0.16600 0.04000 0.04000
0.00000 0.34800 0.24000 0.04000 0.04000
0.00000 0.27200 0.33000 0.04000 0.04000
0.00000 0.35800 0.40600 0.04000 0.04000
0.00000 0.28000 0.49800 0.04000 0.04000
0.00000 0.36600 0.57200 0.04000 0.04000
0.00000 0.29200 0.66400 0.04000 0.04000
0.00000 0.37600 0.73800 0.04000 0.04000
0.00000 0.29600 0.83000 0.04000 0.04000
0.00000 0.38200 0.89800 0.04000 0.04000
1.00000 0.20800 0.75000 0.04000 0.04000
1.00000 0.10800 0.35000 0.04000 0.04000
1.00000 0.18600 0.41800 0.04000 0.04000
1.00000 0.11400 0.51800 0.04000 0.04000
1.00000 0.19600 0.58600 0.04000 0.04000
1.00000 0.03000 0.60600 0.04000 0.04000
0.00000 0.76000 0.31200 0.04000 0.04000
0.00000 0.84600 0.38000 0.04000 0.04000
0.00000 0.77000 0.47400 0.04000 0.04000
0.00000 0.77800 0.64200 0.04000 0.04000
0.00000 0.86400 0.71200 0.04000 0.04000
0.00000 0.78800 0.80400 0.04000 0.04000
1.00000 0.94600 0.62200 0.04000 0.04000
1.00000 0.93000 0.29200 0.04000 0.04000
1.00000 0.91800 0.13000 0.04000 0.04000
1.00000 0.99200 0.19800 0.04000 0.04000
0.00000 0.79600 0.97000 0.04000 0.04000
3.00000 0.86400 0.89200 0.04000 0.04000
3.00000 0.86400 0.54200 0.04000 0.04000
