0.00000 0.72400 0.43000 0.04000 0.04000
0.00000 0.87600 0.14200 0.04000 0.04000
0.00000 0.57400 0.72000 0.04000 0.04000
3.00000 0.99000 0.20200 0.04000 0.04000
1.00000 0.69800 0.78600 0.04000 0.04000
1.00000 0.85200 0.49800 0.04000 0.04000
1.00000 0.59800 0.00800 0.04000 0.04000
0.00000 0.52200 0.13400 0.04000 0.04000
0.00000 0.20400 0.38200 0.04000 0.04000
0.00000 0.23600 0.48400 0.04000 0.04000
0.00000 0.35800 0.45600 0.04000 0.04000
0.00000 0.39400 0.56400 0.04000 0.04000
0.00000 0.28600 0.59800 0.04000 0.04000
0.00000 0.31800 0.70600 0.04000 0.04000
0.00000 0.21000 0.74400 0.04000 0.04000
0.00000 0.24400 0.85400 0.04000 0.04000
0.00000 0.13600 0.88600 0.04000 0.04000
1.00000 0.08600 0.77400 0.04000 0.04000
1.00000 0.05400 0.67000 0.04000 0.04000
1.00000 0.16400 0.63400 0.04000 0.04000
1.00000 0.13200 0.52800 0.04000 0.04000
0.00000 0.16400 0.99200 0.04000 0.04000
