1.00000 0.04600 0.76200 0.04000 0.04000
1.00000 0.02400 0.92200 0.04000 0.04000
1.00000 0.07200 0.58600 0.04000 0.04000
1.00000 0.08800 0.43600 0.04000 0.04000
1.00000 0.02400 0.35000 0.04000 0.04000
1.00000 0.11600 0.27200 0.04000 0.04000
1.00000 0.04800 0.18600 0.04000 0.04000
1.00000 0.13800 0.10800 0.04000 0.04000
1.00000 0.07000 0.02200 0.04000 0.04000
0.00000 0.24200 0.03200 0.04000 0.04000
0.00000 0.30800 0.12800 0.04000 0.04000
0.00000 0.22200 0.19600 0.04000 0.04000
0.00000 0.28800 0.29000 0.04000 0.04000
0.00000 0.19200 0.36000 0.04000 0.04000
0.00000 0.26400 0.45400 0.04000 0.04000
0.00000 0.17400 0.52400 0.04000 0.04000
0.00000 0.24200 0.61200 0.04000 0.04000
0.00000 0.15000 0.68600 0.04000 0.04000
0.00000 0.21600 0.77400 0.04000 0.04000
0.00000 0.12200 0.84600 0.04000 0.04000
0.00000 0.19600 0.93800 0.04000 0.04000
3.00000 0.12600 0.99000 0.04000 0.04000
