0.00000 0.68000 0.40000 0.04000 0.04000
0.00000 0.64800 0.51000 0.04000 0.04000
0.00000 0.76800 0.54800 0.04000 0.04000
0.00000 0.73800 0.65800 0.04000 0.04000
1.00000 0.96800 0.72600 0.04000 0.04000
1.00000 0.87800 0.57800 0.04000 0.04000
1.00000 0.91200 0.46800 0.04000 0.04000
0.00000 0.79400 0.43200 0.04000 0.04000
0.00000 0.82400 0.32200 0.04000 0.04000
0.00000 0.97200 0.24400 0.04000 0.04000
0.00000 0.18200 0.25600 0.04000 0.04000
0.00000 0.08200 0.31000 0.04000 0.04000
3.00000 0.00600 0.17400 0.04000 0.04000
1.00000 0.06200 0.04200 0.04000 0.04000
0.00000 0.34600 0.54800 0.04000 0.04000
0.00000 0.24600 0.60600 0.04000 0.04000
0.00000 0.14800 0.66200 0.04000 0.04000
0.00000 0.04800 0.71600 0.04000 0.04000
1.00000 0.16600 0.93000 0.04000 0.04000
1.00000 0.26600 0.87800 0.04000 0.04000
1.00000 0.36800 0.82200 0.04000 0.04000
1.00000 0.46600 0.76600 0.04000 0.04000
0.00000 0.58800 0.98200 0.04000 0.04000
1.00000 0.06600 0.98600 0.04000 0.04000
