0.00000 0.73400 0.31000 0.04000 0.04000
0.00000 0.71800 0.63600 0.04000 0.04000
1.00000 0.86400 0.64400 0.04000 0.04000
1.00000 0.87600 0.31800 0.04000 0.04000
0.00000 0.70400 0.96400 0.04000 0.04000
1.00000 0.84800 0.97000 0.04000 0.04000
0.00000 0.50000 0.90400 0.04000 0.04000
1.00000 0.25200 0.89200 0.04000 0.04000
0.00000 0.47200 0.28200 0.04000 0.04000
0.00000 0.39800 0.19600 0.04000 0.04000
0.00000 0.48400 0.11400 0.04000 0.04000
0.00000 0.41000 0.02800 0.04000 0.04000
1.00000 0.23000 0.19400 0.04000 0.04000
0.00000 0.05000 0.35600 0.04000 0.04000
1.00000 0.21800 0.36200 0.04000 0.04000
1.00000 0.28000 0.61200 0.04000 0.04000
0.00000 0.11400 0.60800 0.04000 0.04000
0.00000 0.13400 0.27400 0.04000 0.04000
0.00000 0.06000 0.19400 0.04000 0.04000
1.00000 0.24400 0.03000 0.04000 0.04000
1.00000 0.31400 0.11000 0.04000 0.04000
