3.00000 0.26800 0.30800 0.04000 0.04000
3.00000 0.21800 0.42600 0.04000 0.04000
1.00000 0.09400 0.54800 0.04000 0.04000
1.00000 0.10200 0.66400 0.04000 0.04000
1.00000 0.10800 0.78000 0.04000 0.04000
0.00000 0.35600 0.76400 0.04000 0.04000
0.00000 0.36600 0.87600 0.04000 0.04000
3.00000 0.32400 0.88000 0.04000 0.04000
1.00000 0.07000 0.20200 0.04000 0.04000
1.00000 0.06400 0.08800 0.04000 0.04000
0.00000 0.31000 0.07200 0.04000 0.04000
0.00000 0.31600 0.18600 0.04000 0.04000
0.00000 0.32600 0.30400 0.04000 0.04000
0.00000 0.33400 0.41800 0.04000 0.04000
0.00000 0.34000 0.53000 0.04000 0.04000
0.00000 0.34800 0.64400 0.04000 0.04000
0.00000 0.67000 0.74000 0.04000 0.04000
0.00000 0.67800 0.85600 0.04000 0.04000
0.00000 0.65400 0.51200 0.04000 0.04000
0.00000 0.64400 0.39600 0.04000 0.04000
0.00000 0.63600 0.28000 0.04000 0.04000
3.00000 0.65800 0.05200 0.04000 0.04000
0.00000 0.62200 0.05000 0.04000 0.04000
1.00000 0.88200 0.26800 0.04000 0.04000
1.00000 0.90000 0.49800 0.04000 0.04000
3.00000 0.75800 0.38600 0.04000 0.04000
1.00000 0.91400 0.72400 0.04000 0.04000
1.00000 0.92000 0.84200 0.04000 0.04000
0.00000 0.66000 0.62600 0.04000 0.04000
