3.00000 0.29600 0.17000 0.04000 0.04000
1.00000 0.91400 0.39200 0.04000 0.04000
1.00000 0.91200 0.27400 0.04000 0.04000
0.00000 0.34200 0.05400 0.04000 0.04000
0.00000 0.34600 0.17200 0.04000 0.04000
0.00000 0.34800 0.28400 0.04000 0.04000
1.00000 0.10400 0.29000 0.04000 0.04000
1.00000 0.10200 0.40200 0.04000 0.04000
0.00000 0.35200 0.40000 0.04000 0.04000
0.00000 0.35400 0.51400 0.04000 0.04000
0.00000 0.35600 0.62600 0.04000 0.04000
0.00000 0.36200 0.74200 0.04000 0.04000
3.00000 0.70800 0.74400 0.04000 0.04000
0.00000 0.67400 0.74200 0.04000 0.04000
0.00000 0.67800 0.96600 0.04000 0.04000
1.00000 0.92400 0.95600 0.04000 0.04000
1.00000 0.91800 0.62000 0.04000 0.04000
0.00000 0.67000 0.62400 0.04000 0.04000
0.00000 0.66800 0.51000 0.04000 0.04000
0.00000 0.66600 0.39800 0.04000 0.04000
0.00000 0.66200 0.28600 0.04000 0.04000
3.00000 0.68600 0.16200 0.04000 0.04000
0.00000 0.65800 0.16400 0.04000 0.04000
1.00000 0.10400 0.52200 0.04000 0.04000
1.00000 0.09800 0.06000 0.04000 0.04000
1.00000 0.11000 0.63600 0.04000 0.04000
1.00000 0.91800 0.50600 0.04000 0.04000
1.00000 0.11200 0.74600 0.04000 0.04000
