0.00000 0.70600 0.06200 0.04000 0.04000
3.00000 0.72000 0.00800 0.04000 0.04000
0.00000 0.71000 0.61800 0.04000 0.04000
0.00000 0.76800 0.71000 0.04000 0.04000
0.00000 0.67200 0.77600 0.04000 0.04000
0.00000 0.73200 0.87000 0.04000 0.04000
0.00000 0.63600 0.93200 0.04000 0.04000
0.00000 0.22200 0.90600 0.04000 0.04000
0.00000 0.16400 0.80600 0.04000 0.04000
0.00000 0.25800 0.74200 0.04000 0.04000
0.00000 0.20000 0.65000 0.04000 0.04000
0.00000 0.29800 0.58600 0.04000 0.04000
0.00000 0.23800 0.49400 0.04000 0.04000
0.00000 0.33600 0.42600 0.04000 0.04000
0.00000 0.27800 0.32800 0.04000 0.04000
0.00000 0.16400 0.39400 0.04000 0.04000
0.00000 0.10800 0.30000 0.04000 0.04000
3.00000 0.00600 0.36200 0.04000 0.04000
1.00000 0.07000 0.45400 0.04000 0.04000
1.00000 0.12800 0.55600 0.04000 0.04000
1.00000 0.03400 0.61800 0.04000 0.04000
1.00000 0.09000 0.70400 0.04000 0.04000
1.00000 0.05600 0.86600 0.04000 0.04000
0.00000 0.13000 0.96000 0.04000 0.04000
1.00000 0.91800 0.49000 0.04000 0.04000
1.00000 0.97400 0.58600 0.04000 0.04000
1.00000 0.88200 0.65000 0.04000 0.04000
1.00000 0.94000 0.74200 0.04000 0.04000
1.00000 0.84400 0.80600 0.04000 0.04000
1.00000 0.90400 0.90200 0.04000 0.04000
1.00000 0.80600 0.96600 0.04000 0.04000
1.00000 0.80600 0.96600 0.04000 0.04000
