0.00000 0.44000 0.54000 0.04000 0.04000
0.00000 0.36000 0.45600 0.04000 0.04000
0.00000 0.28200 0.37000 0.04000 0.04000
0.00000 0.20200 0.28400 0.04000 0.04000
0.00000 0.12800 0.20000 0.04000 0.04000
0.00000 0.05000 0.11400 0.04000 0.04000
0.00000 0.49000 0.29200 0.04000 0.04000
0.00000 0.70800 0.52800 0.04000 0.04000
1.00000 0.81800 0.43200 0.04000 0.04000
1.00000 0.59800 0.19600 0.04000 0.04000
0.00000 0.27000 0.05200 0.04000 0.04000
3.00000 0.32200 0.00400 0.04000 0.04000
1.00000 0.25600 0.70400 0.04000 0.04000
1.00000 0.18000 0.62200 0.04000 0.04000
1.00000 0.10000 0.53400 0.04000 0.04000
1.00000 0.02200 0.45200 0.04000 0.04000
0.00000 0.07400 0.87400 0.04000 0.04000
3.00000 0.00600 0.31400 0.04000 0.04000
3.00000 0.00600 0.15800 0.04000 0.04000
