1.00000 0.16600 0.64200 0.04000 0.04000
1.00000 0.16200 0.52800 0.04000 0.04000
1.00000 0.16200 0.41200 0.04000 0.04000
1.00000 0.16200 0.29600 0.04000 0.04000
1.00000 0.16400 0.18200 0.04000 0.04000
1.00000 0.16200 0.06800 0.04000 0.04000
1.00000 0.16200 0.75800 0.04000 0.04000
1.00000 0.16400 0.87400 0.04000 0.04000
1.00000 0.16200 0.98600 0.04000 0.04000
0.00000 0.41400 0.98600 0.04000 0.04000
0.00000 0.41200 0.87200 0.04000 0.04000
0.00000 0.41400 0.75800 0.04000 0.04000
0.00000 0.41200 0.64400 0.04000 0.04000
0.00000 0.41400 0.52800 0.04000 0.04000
0.00000 0.41200 0.41200 0.04000 0.04000
0.00000 0.41400 0.29800 0.04000 0.04000
0.00000 0.41400 0.18000 0.04000 0.04000
0.00000 0.41200 0.07000 0.04000 0.04000
0.00000 0.62000 0.10200 0.04000 0.04000
0.00000 0.62000 0.42400 0.04000 0.04000
0.00000 0.62000 0.75200 0.04000 0.04000
1.00000 0.76400 0.75200 0.04000 0.04000
1.00000 0.76400 0.43000 0.04000 0.04000
1.00000 0.76400 0.10200 0.04000 0.04000
