0.00000 0.70000 0.86200 0.04000 0.04000
0.00000 0.68600 0.75000 0.04000 0.04000
0.00000 0.67200 0.63400 0.04000 0.04000
0.00000 0.65600 0.51800 0.04000 0.04000
0.00000 0.63800 0.40400 0.04000 0.04000
0.00000 0.62800 0.29000 0.04000 0.04000
0.00000 0.60800 0.17200 0.04000 0.04000
0.00000 0.59200 0.06400 0.04000 0.04000
1.00000 0.84000 0.03000 0.04000 0.04000
1.00000 0.85600 0.13800 0.04000 0.04000
1.00000 0.87000 0.25600 0.04000 0.04000
1.00000 0.88600 0.37200 0.04000 0.04000
1.00000 0.90200 0.48600 0.04000 0.04000
1.00000 0.91600 0.60200 0.04000 0.04000
1.00000 0.93400 0.71400 0.04000 0.04000
1.00000 0.94800 0.82800 0.04000 0.04000
