0.00000 0.41600 0.56600 0.04000 0.04000
0.00000 0.36800 0.67000 0.04000 0.04000
0.00000 0.30200 0.51000 0.04000 0.04000
0.00000 0.35000 0.40600 0.04000 0.04000
1.00000 0.13400 0.30600 0.04000 0.04000
1.00000 0.08400 0.40400 0.04000 0.04000
1.00000 0.19400 0.46400 0.04000 0.04000
1.00000 0.14200 0.56400 0.04000 0.04000
0.00000 0.26200 0.62200 0.04000 0.04000
0.00000 0.21400 0.72400 0.04000 0.04000
0.00000 0.10600 0.67600 0.04000 0.04000
0.00000 0.05800 0.78000 0.04000 0.04000
3.00000 0.00600 0.75200 0.04000 0.04000
3.00000 0.00800 0.62800 0.04000 0.04000
1.00000 0.04200 0.52000 0.04000 0.04000
1.00000 0.74400 0.93000 0.04000 0.04000
0.00000 0.69800 0.79600 0.04000 0.04000
0.00000 0.39000 0.90200 0.04000 0.04000
3.00000 0.42200 0.99000 0.04000 0.04000
0.00000 0.74800 0.44600 0.04000 0.04000
0.00000 0.64000 0.14200 0.04000 0.04000
1.00000 0.78200 0.09000 0.04000 0.04000
1.00000 0.89000 0.40000 0.04000 0.04000
