0.00000 0.34000 0.56200 0.04000 0.04000
0.00000 0.34800 0.67800 0.04000 0.04000
3.00000 0.31800 0.79400 0.04000 0.04000
0.00000 0.35800 0.79000 0.04000 0.04000
0.00000 0.36600 0.90200 0.04000 0.04000
1.00000 0.12000 0.92600 0.04000 0.04000
1.00000 0.12000 0.92600 0.04000 0.04000
3.00000 0.29600 0.68000 0.04000 0.04000
1.00000 0.09400 0.58200 0.04000 0.04000
0.00000 0.65600 0.55000 0.04000 0.04000
0.00000 0.66600 0.70600 0.04000 0.04000
0.00000 0.67800 0.87200 0.04000 0.04000
0.00000 0.68800 0.99200 0.04000 0.04000
1.00000 0.93200 0.97800 0.04000 0.04000
1.00000 0.92400 0.85600 0.04000 0.04000
1.00000 0.91200 0.69000 0.04000 0.04000
1.00000 0.90200 0.53000 0.04000 0.04000
