0.00000 0.65400 0.44800 0.04000 0.04000
0.00000 0.62200 0.55400 0.04000 0.04000
0.00000 0.76800 0.47400 0.04000 0.04000
0.00000 0.79800 0.36400 0.04000 0.04000
0.00000 0.94600 0.28600 0.04000 0.04000
1.00000 0.88600 0.50800 0.04000 0.04000
1.00000 0.85400 0.61600 0.04000 0.04000
0.00000 0.74000 0.58800 0.04000 0.04000
0.00000 0.71200 0.69800 0.04000 0.04000
1.00000 0.94200 0.76000 0.04000 0.04000
1.00000 0.97000 0.65200 0.04000 0.04000
1.00000 0.14000 0.98000 0.04000 0.04000
1.00000 0.24400 0.92400 0.04000 0.04000
1.00000 0.34200 0.86600 0.04000 0.04000
1.00000 0.44400 0.81000 0.04000 0.04000
0.00000 0.32400 0.59400 0.04000 0.04000
0.00000 0.22200 0.64800 0.04000 0.04000
0.00000 0.12000 0.70600 0.04000 0.04000
0.00000 0.02000 0.76200 0.04000 0.04000
0.00000 0.05600 0.35600 0.04000 0.04000
0.00000 0.16000 0.29800 0.04000 0.04000
1.00000 0.03200 0.08000 0.04000 0.04000
3.00000 0.00600 0.26600 0.04000 0.04000
