3.00000 0.32200 0.77200 0.04000 0.04000
3.00000 0.70400 0.78000 0.04000 0.04000
0.00000 0.36200 0.31200 0.04000 0.04000
0.00000 0.36000 0.42800 0.04000 0.04000
0.00000 0.35800 0.54200 0.04000 0.04000
0.00000 0.35600 0.65800 0.04000 0.04000
0.00000 0.35400 0.77200 0.04000 0.04000
0.00000 0.35400 0.88600 0.04000 0.04000
1.00000 0.11200 0.65600 0.04000 0.04000
1.00000 0.11200 0.54000 0.04000 0.04000
1.00000 0.11400 0.42200 0.04000 0.04000
1.00000 0.11400 0.30600 0.04000 0.04000
1.00000 0.12000 0.07800 0.04000 0.04000
0.00000 0.36400 0.08200 0.04000 0.04000
0.00000 0.68000 0.19200 0.04000 0.04000
0.00000 0.67800 0.31800 0.04000 0.04000
0.00000 0.67400 0.42800 0.04000 0.04000
0.00000 0.67200 0.54600 0.04000 0.04000
0.00000 0.67000 0.66200 0.04000 0.04000
0.00000 0.66800 0.77600 0.04000 0.04000
0.00000 0.66400 0.89000 0.04000 0.04000
1.00000 0.91000 0.89400 0.04000 0.04000
1.00000 0.91400 0.67000 0.04000 0.04000
1.00000 0.91800 0.55000 0.04000 0.04000
1.00000 0.92000 0.43400 0.04000 0.04000
1.00000 0.92400 0.31800 0.04000 0.04000
1.00000 0.92400 0.19600 0.04000 0.04000
0.00000 0.68200 0.03000 0.04000 0.04000
1.00000 0.93000 0.03200 0.04000 0.04000
0.00000 0.36600 0.19400 0.04000 0.04000
