0.00000 0.73200 0.72200 0.04000 0.04000
0.00000 0.88600 0.43200 0.04000 0.04000
1.00000 0.86200 0.78800 0.04000 0.04000
0.00000 0.28000 0.42800 0.04000 0.04000
0.00000 0.17000 0.46000 0.04000 0.04000
0.00000 0.13400 0.35600 0.04000 0.04000
0.00000 0.02400 0.38600 0.04000 0.04000
1.00000 0.20800 0.58800 0.04000 0.04000
1.00000 0.09600 0.61800 0.04000 0.04000
1.00000 0.24400 0.69400 0.04000 0.04000
1.00000 0.35200 0.66000 0.04000 0.04000
0.00000 0.28200 0.81400 0.04000 0.04000
0.00000 0.16800 0.84800 0.04000 0.04000
0.00000 0.13600 0.74400 0.04000 0.04000
0.00000 0.02800 0.77600 0.04000 0.04000
1.00000 0.06000 0.51200 0.04000 0.04000
0.00000 0.40400 0.04000 0.04000 0.04000
0.00000 0.55000 0.11400 0.04000 0.04000
0.00000 0.66000 0.07800 0.04000 0.04000
1.00000 0.51400 0.01000 0.04000 0.04000
3.00000 0.99000 0.48600 0.04000 0.04000
