0.00000 0.32000 0.38600 0.04000 0.04000
1.00000 0.09200 0.47800 0.04000 0.04000
1.00000 0.13000 0.57800 0.04000 0.04000
0.00000 0.36400 0.48800 0.04000 0.04000
0.00000 0.62200 0.29200 0.04000 0.04000
0.00000 0.58000 0.18800 0.04000 0.04000
0.00000 0.66400 0.40000 0.04000 0.04000
0.00000 0.70600 0.50600 0.04000 0.04000
0.00000 0.74800 0.61400 0.04000 0.04000
0.00000 0.79000 0.72000 0.04000 0.04000
3.00000 0.99000 0.64200 0.04000 0.04000
1.00000 0.98400 0.52600 0.04000 0.04000
1.00000 0.93600 0.41400 0.04000 0.04000
1.00000 0.89400 0.30600 0.04000 0.04000
1.00000 0.81200 0.09400 0.04000 0.04000
1.00000 0.85200 0.19600 0.04000 0.04000
0.00000 0.54000 0.07800 0.04000 0.04000
0.00000 0.19600 0.06600 0.04000 0.04000
3.00000 0.55200 0.98800 0.04000 0.04000
3.00000 0.43000 0.99200 0.04000 0.04000
3.00000 0.67800 0.99000 0.04000 0.04000
0.00000 0.72400 0.81200 0.04000 0.04000
0.00000 0.62400 0.85600 0.04000 0.04000
0.00000 0.51400 0.89600 0.04000 0.04000
0.00000 0.41200 0.94000 0.04000 0.04000
0.00000 0.30200 0.98000 0.04000 0.04000
