0.00000 0.35400 0.45200 0.04000 0.04000
0.00000 0.35400 0.56200 0.04000 0.04000
3.00000 0.32400 0.68200 0.04000 0.04000
0.00000 0.36400 0.67600 0.04000 0.04000
0.00000 0.37000 0.79200 0.04000 0.04000
0.00000 0.37400 0.90600 0.04000 0.04000
1.00000 0.12800 0.91800 0.04000 0.04000
1.00000 0.12000 0.80800 0.04000 0.04000
1.00000 0.10800 0.57800 0.04000 0.04000
1.00000 0.10400 0.45800 0.04000 0.04000
1.00000 0.09600 0.34800 0.04000 0.04000
3.00000 0.30000 0.22000 0.04000 0.04000
1.00000 0.08600 0.11200 0.04000 0.04000
0.00000 0.33400 0.10600 0.04000 0.04000
0.00000 0.33800 0.22000 0.04000 0.04000
0.00000 0.34600 0.33200 0.04000 0.04000
0.00000 0.65000 0.08200 0.04000 0.04000
3.00000 0.67800 0.20600 0.04000 0.04000
0.00000 0.65400 0.20200 0.04000 0.04000
0.00000 0.66000 0.31600 0.04000 0.04000
0.00000 0.66600 0.42600 0.04000 0.04000
1.00000 0.90800 0.30600 0.04000 0.04000
1.00000 0.91200 0.42000 0.04000 0.04000
1.00000 0.89400 0.07600 0.04000 0.04000
1.00000 0.91800 0.53600 0.04000 0.04000
1.00000 0.92200 0.65000 0.04000 0.04000
1.00000 0.92400 0.76800 0.04000 0.04000
0.00000 0.68200 0.77800 0.04000 0.04000
0.00000 0.67400 0.66200 0.04000 0.04000
0.00000 0.67000 0.54800 0.04000 0.04000
