0.00000 0.23800 0.22200 0.04000 0.04000
0.00000 0.31000 0.31000 0.04000 0.04000
0.00000 0.22000 0.38600 0.04000 0.04000
0.00000 0.29200 0.47200 0.04000 0.04000
0.00000 0.20600 0.54400 0.04000 0.04000
0.00000 0.27400 0.63200 0.04000 0.04000
0.00000 0.18800 0.70800 0.04000 0.04000
0.00000 0.25600 0.79400 0.04000 0.04000
0.00000 0.17200 0.87000 0.04000 0.04000
0.00000 0.24000 0.95400 0.04000 0.04000
3.00000 0.19800 0.99200 0.04000 0.04000
1.00000 0.10400 0.62000 0.04000 0.04000
1.00000 0.01600 0.69800 0.04000 0.04000
1.00000 0.08600 0.78400 0.04000 0.04000
1.00000 0.06600 0.94200 0.04000 0.04000
1.00000 0.03000 0.53400 0.04000 0.04000
1.00000 0.11600 0.46000 0.04000 0.04000
1.00000 0.05200 0.37400 0.04000 0.04000
0.00000 0.13400 0.30200 0.04000 0.04000
0.00000 0.06400 0.21200 0.04000 0.04000
3.00000 0.00600 0.25800 0.04000 0.04000
0.00000 0.70200 0.45000 0.04000 0.04000
0.00000 0.77600 0.53600 0.04000 0.04000
0.00000 0.68600 0.61200 0.04000 0.04000
0.00000 0.75400 0.70000 0.04000 0.04000
0.00000 0.66800 0.77400 0.04000 0.04000
0.00000 0.74200 0.86600 0.04000 0.04000
0.00000 0.65200 0.93600 0.04000 0.04000
1.00000 0.90800 0.87000 0.04000 0.04000
1.00000 0.84200 0.79000 0.04000 0.04000
1.00000 0.92600 0.70800 0.04000 0.04000
1.00000 0.86000 0.62200 0.04000 0.04000
1.00000 0.94200 0.54600 0.04000 0.04000
1.00000 0.87400 0.45600 0.04000 0.04000
1.00000 0.96000 0.38600 0.04000 0.04000
1.00000 0.89000 0.29600 0.04000 0.04000
