0.00000 0.35600 0.22200 0.04000 0.04000
3.00000 0.30200 0.10400 0.04000 0.04000
0.00000 0.35800 0.10600 0.04000 0.04000
1.00000 0.11200 0.21800 0.04000 0.04000
1.00000 0.11000 0.33000 0.04000 0.04000
1.00000 0.10400 0.44400 0.04000 0.04000
0.00000 0.35400 0.33800 0.04000 0.04000
0.00000 0.35000 0.45000 0.04000 0.04000
0.00000 0.34800 0.56800 0.04000 0.04000
3.00000 0.30400 0.68200 0.04000 0.04000
3.00000 0.29200 0.79600 0.04000 0.04000
3.00000 0.30800 0.91200 0.04000 0.04000
0.00000 0.34200 0.91400 0.04000 0.04000
0.00000 0.34600 0.79600 0.04000 0.04000
0.00000 0.34600 0.68600 0.04000 0.04000
1.00000 0.10200 0.56600 0.04000 0.04000
3.00000 0.69400 0.23000 0.04000 0.04000
0.00000 0.65600 0.91800 0.04000 0.04000
0.00000 0.65800 0.80600 0.04000 0.04000
0.00000 0.66200 0.69200 0.04000 0.04000
0.00000 0.66400 0.58000 0.04000 0.04000
0.00000 0.66400 0.46000 0.04000 0.04000
0.00000 0.66800 0.34400 0.04000 0.04000
0.00000 0.66800 0.23000 0.04000 0.04000
0.00000 0.67400 0.11800 0.04000 0.04000
1.00000 0.91800 0.11800 0.04000 0.04000
1.00000 0.91400 0.35000 0.04000 0.04000
1.00000 0.91200 0.47000 0.04000 0.04000
1.00000 0.90600 0.58200 0.04000 0.04000
1.00000 0.90400 0.69600 0.04000 0.04000
1.00000 0.90400 0.81200 0.04000 0.04000
1.00000 0.90200 0.92400 0.04000 0.04000
