0.00000 0.65400 0.35600 0.04000 0.04000
0.00000 0.65600 0.24200 0.04000 0.04000
1.00000 0.91000 0.23800 0.04000 0.04000
1.00000 0.90200 0.35400 0.04000 0.04000
1.00000 0.89800 0.47800 0.04000 0.04000
0.00000 0.64800 0.47400 0.04000 0.04000
3.00000 0.28400 0.23200 0.04000 0.04000
3.00000 0.29600 0.35600 0.04000 0.04000
1.00000 0.09000 0.46800 0.04000 0.04000
0.00000 0.34000 0.47200 0.04000 0.04000
0.00000 0.34400 0.35600 0.04000 0.04000
0.00000 0.34000 0.23400 0.04000 0.04000
0.00000 0.34000 0.11600 0.04000 0.04000
1.00000 0.08600 0.11400 0.04000 0.04000
3.00000 0.30400 0.84000 0.04000 0.04000
1.00000 0.11000 0.94200 0.04000 0.04000
0.00000 0.34400 0.94600 0.04000 0.04000
0.00000 0.34600 0.84200 0.04000 0.04000
3.00000 0.67600 0.84600 0.04000 0.04000
3.00000 0.69600 0.95600 0.04000 0.04000
0.00000 0.64000 0.95000 0.04000 0.04000
0.00000 0.64400 0.84800 0.04000 0.04000
