3.00000 0.74000 0.72600 0.04000 0.04000
0.00000 0.69600 0.72800 0.04000 0.04000
0.00000 0.68800 0.62400 0.04000 0.04000
0.00000 0.68200 0.51000 0.04000 0.04000
0.00000 0.67800 0.40400 0.04000 0.04000
1.00000 0.92200 0.39200 0.04000 0.04000
1.00000 0.93000 0.49600 0.04000 0.04000
0.00000 0.70600 0.83600 0.04000 0.04000
1.00000 0.94800 0.82800 0.04000 0.04000
0.00000 0.66000 0.06400 0.04000 0.04000
1.00000 0.90600 0.04800 0.04000 0.04000
3.00000 0.69000 0.17200 0.04000 0.04000
0.00000 0.66200 0.17800 0.04000 0.04000
0.00000 0.35000 0.18400 0.04000 0.04000
0.00000 0.34200 0.07200 0.04000 0.04000
1.00000 0.09800 0.08800 0.04000 0.04000
1.00000 0.10600 0.20000 0.04000 0.04000
3.00000 0.32600 0.30200 0.04000 0.04000
0.00000 0.36000 0.30200 0.04000 0.04000
0.00000 0.36400 0.42000 0.04000 0.04000
0.00000 0.37200 0.53400 0.04000 0.04000
3.00000 0.33800 0.65000 0.04000 0.04000
0.00000 0.38000 0.64800 0.04000 0.04000
0.00000 0.38200 0.76200 0.04000 0.04000
0.00000 0.38800 0.87800 0.04000 0.04000
0.00000 0.39600 0.98800 0.04000 0.04000
