0.00000 0.70600 0.09800 0.04000 0.04000
0.00000 0.70200 0.42200 0.04000 0.04000
0.00000 0.69800 0.74800 0.04000 0.04000
1.00000 0.84400 0.75200 0.04000 0.04000
1.00000 0.85000 0.42400 0.04000 0.04000
1.00000 0.85200 0.09600 0.04000 0.04000
0.00000 0.28000 0.12400 0.04000 0.04000
3.00000 0.11200 0.00600 0.04000 0.04000
0.00000 0.08200 0.12200 0.04000 0.04000
0.00000 0.07800 0.39000 0.04000 0.04000
3.00000 0.00600 0.06800 0.04000 0.04000
3.00000 0.00600 0.43600 0.04000 0.04000
0.00000 0.27600 0.39000 0.04000 0.04000
1.00000 0.00600 0.57800 0.04000 0.04000
0.00000 0.27200 0.88200 0.04000 0.04000
0.00000 0.07200 0.87800 0.04000 0.04000
3.00000 0.00600 0.68200 0.04000 0.04000
3.00000 0.00600 0.83400 0.04000 0.04000
