3.00000 0.26200 0.76400 0.04000 0.04000
3.00000 0.67200 0.17800 0.04000 0.04000
0.00000 0.92200 0.27000 0.04000 0.04000
0.00000 0.83600 0.18600 0.04000 0.04000
0.00000 0.75600 0.26000 0.04000 0.04000
0.00000 0.58200 0.25800 0.04000 0.04000
0.00000 0.50200 0.18200 0.04000 0.04000
0.00000 0.42600 0.25600 0.04000 0.04000
1.00000 0.25400 0.08800 0.04000 0.04000
1.00000 0.33000 0.00800 0.04000 0.04000
1.00000 0.41800 0.08200 0.04000 0.04000
0.00000 0.24400 0.74000 0.04000 0.04000
0.00000 0.32000 0.66400 0.04000 0.04000
0.00000 0.40800 0.74200 0.04000 0.04000
0.00000 0.48800 0.66600 0.04000 0.04000
0.00000 0.57200 0.75200 0.04000 0.04000
0.00000 0.65400 0.67200 0.04000 0.04000
0.00000 0.74200 0.75000 0.04000 0.04000
0.00000 0.82200 0.67600 0.04000 0.04000
0.00000 0.91200 0.75600 0.04000 0.04000
0.00000 0.98800 0.67800 0.04000 0.04000
1.00000 0.49200 0.83400 0.04000 0.04000
1.00000 0.58200 0.91800 0.04000 0.04000
1.00000 0.65600 0.84000 0.04000 0.04000
1.00000 0.41400 0.91200 0.04000 0.04000
0.00000 0.24000 0.90400 0.04000 0.04000
1.00000 0.66000 0.01600 0.04000 0.04000
1.00000 0.75600 0.09400 0.04000 0.04000
1.00000 0.82400 0.84200 0.04000 0.04000
