3.00000 0.31800 0.72200 0.04000 0.04000
3.00000 0.71600 0.70200 0.04000 0.04000
0.00000 0.35200 0.25400 0.04000 0.04000
0.00000 0.35600 0.37200 0.04000 0.04000
1.00000 0.10400 0.26200 0.04000 0.04000
3.00000 0.31200 0.14200 0.04000 0.04000
0.00000 0.34400 0.14000 0.04000 0.04000
0.00000 0.34400 0.02600 0.04000 0.04000
3.00000 0.31000 0.02600 0.04000 0.04000
0.00000 0.65600 0.02800 0.04000 0.04000
0.00000 0.66400 0.18400 0.04000 0.04000
0.00000 0.66800 0.35000 0.04000 0.04000
0.00000 0.67000 0.47400 0.04000 0.04000
0.00000 0.67400 0.58600 0.04000 0.04000
0.00000 0.67600 0.70200 0.04000 0.04000
0.00000 0.68000 0.81400 0.04000 0.04000
0.00000 0.35800 0.48400 0.04000 0.04000
0.00000 0.36000 0.59800 0.04000 0.04000
0.00000 0.36400 0.71800 0.04000 0.04000
0.00000 0.37000 0.83200 0.04000 0.04000
1.00000 0.12200 0.83600 0.04000 0.04000
1.00000 0.11400 0.60400 0.04000 0.04000
1.00000 0.11000 0.49000 0.04000 0.04000
1.00000 0.90600 0.02000 0.04000 0.04000
1.00000 0.90600 0.18000 0.04000 0.04000
1.00000 0.91400 0.34200 0.04000 0.04000
1.00000 0.91600 0.46600 0.04000 0.04000
1.00000 0.92000 0.57800 0.04000 0.04000
1.00000 0.92800 0.80800 0.04000 0.04000
0.00000 0.68400 0.93200 0.04000 0.04000
