3.00000 0.19200 0.40000 0.04000 0.04000
3.00000 0.82600 0.36800 0.04000 0.04000
3.00000 0.82800 0.54200 0.04000 0.04000
3.00000 0.84200 0.71400 0.04000 0.04000
3.00000 0.04600 0.76400 0.04000 0.04000
0.00000 0.27400 0.11200 0.04000 0.04000
0.00000 0.29000 0.27800 0.04000 0.04000
0.00000 0.21800 0.37400 0.04000 0.04000
0.00000 0.30400 0.44800 0.04000 0.04000
0.00000 0.23000 0.53800 0.04000 0.04000
0.00000 0.31600 0.61000 0.04000 0.04000
0.00000 0.24200 0.70800 0.04000 0.04000
0.00000 0.33000 0.78200 0.04000 0.04000
0.00000 0.25600 0.87200 0.04000 0.04000
0.00000 0.34400 0.94600 0.04000 0.04000
3.00000 0.30400 0.99000 0.04000 0.04000
1.00000 0.17600 0.96600 0.04000 0.04000
1.00000 0.08400 0.89600 0.04000 0.04000
1.00000 0.16200 0.79400 0.04000 0.04000
1.00000 0.07800 0.72600 0.04000 0.04000
1.00000 0.14800 0.63200 0.04000 0.04000
1.00000 0.03400 0.23000 0.04000 0.04000
1.00000 0.02400 0.06200 0.04000 0.04000
0.00000 0.69000 0.17000 0.04000 0.04000
0.00000 0.76400 0.07400 0.04000 0.04000
0.00000 0.77800 0.23800 0.04000 0.04000
0.00000 0.70400 0.33600 0.04000 0.04000
0.00000 0.79200 0.40200 0.04000 0.04000
0.00000 0.72200 0.50200 0.04000 0.04000
0.00000 0.80600 0.56600 0.04000 0.04000
0.00000 0.73400 0.66600 0.04000 0.04000
0.00000 0.82000 0.73800 0.04000 0.04000
0.00000 0.74600 0.83400 0.04000 0.04000
1.00000 0.97400 0.54800 0.04000 0.04000
1.00000 0.85600 0.14800 0.04000 0.04000
1.00000 0.93000 0.05200 0.04000 0.04000
3.00000 0.82600 0.00600 0.04000 0.04000
1.00000 0.92400 0.97600 0.04000 0.04000
