0.00000 0.40600 0.74600 0.04000 0.04000
0.00000 0.48600 0.66800 0.04000 0.04000
0.00000 0.57400 0.74600 0.04000 0.04000
0.00000 0.65400 0.67200 0.04000 0.04000
0.00000 0.32200 0.66400 0.04000 0.04000
0.00000 0.24000 0.74200 0.04000 0.04000
3.00000 0.26200 0.76600 0.04000 0.04000
0.00000 0.24200 0.90600 0.04000 0.04000
1.00000 0.41600 0.91400 0.04000 0.04000
1.00000 0.49400 0.83600 0.04000 0.04000
1.00000 0.57800 0.91600 0.04000 0.04000
1.00000 0.66000 0.84400 0.04000 0.04000
1.00000 0.83000 0.84400 0.04000 0.04000
0.00000 0.74200 0.75200 0.04000 0.04000
0.00000 0.82000 0.67600 0.04000 0.04000
0.00000 0.90400 0.75200 0.04000 0.04000
0.00000 0.98600 0.67800 0.04000 0.04000
0.00000 0.42400 0.26000 0.04000 0.04000
0.00000 0.49800 0.18200 0.04000 0.04000
0.00000 0.58400 0.25600 0.04000 0.04000
1.00000 0.33000 0.00800 0.04000 0.04000
1.00000 0.25400 0.09000 0.04000 0.04000
1.00000 0.42000 0.08600 0.04000 0.04000
0.00000 0.75600 0.26400 0.04000 0.04000
3.00000 0.66800 0.17600 0.04000 0.04000
0.00000 0.83200 0.18600 0.04000 0.04000
1.00000 0.75000 0.09400 0.04000 0.04000
1.00000 0.66200 0.01200 0.04000 0.04000
0.00000 0.91800 0.26600 0.04000 0.04000
