3.00000 0.69600 0.09800 0.04000 0.04000
3.00000 0.73200 0.77800 0.04000 0.04000
3.00000 0.73000 0.88400 0.04000 0.04000
0.00000 0.69600 0.88600 0.04000 0.04000
0.00000 0.68800 0.77800 0.04000 0.04000
0.00000 0.68400 0.66800 0.04000 0.04000
1.00000 0.92800 0.65400 0.04000 0.04000
1.00000 0.90600 0.20800 0.04000 0.04000
0.00000 0.66000 0.21800 0.04000 0.04000
0.00000 0.65800 0.10200 0.04000 0.04000
0.00000 0.66600 0.33000 0.04000 0.04000
3.00000 0.69800 0.33200 0.04000 0.04000
0.00000 0.36000 0.45400 0.04000 0.04000
0.00000 0.36400 0.57400 0.04000 0.04000
1.00000 0.11200 0.46600 0.04000 0.04000
1.00000 0.10800 0.35200 0.04000 0.04000
1.00000 0.10000 0.23800 0.04000 0.04000
0.00000 0.34800 0.22600 0.04000 0.04000
0.00000 0.35200 0.33800 0.04000 0.04000
3.00000 0.31800 0.11200 0.04000 0.04000
0.00000 0.34200 0.11000 0.04000 0.04000
