1.00000 0.16600 0.36800 0.04000 0.04000
0.00000 0.39200 0.62400 0.04000 0.04000
0.00000 0.41000 0.82400 0.04000 0.04000
3.00000 0.32200 0.72400 0.04000 0.04000
1.00000 0.20600 0.77000 0.04000 0.04000
0.00000 0.66000 0.60000 0.04000 0.04000
0.00000 0.67800 0.80000 0.04000 0.04000
3.00000 0.73800 0.69600 0.04000 0.04000
1.00000 0.83000 0.30600 0.04000 0.04000
1.00000 0.92600 0.29800 0.04000 0.04000
1.00000 0.94200 0.49400 0.04000 0.04000
1.00000 0.96000 0.70000 0.04000 0.04000
1.00000 0.11000 0.77600 0.04000 0.04000
1.00000 0.12800 0.98000 0.04000 0.04000
1.00000 0.09200 0.57600 0.04000 0.04000
1.00000 0.07000 0.37200 0.04000 0.04000
