1.00000 0.09000 0.03800 0.04000 0.04000
1.00000 0.08600 0.15200 0.04000 0.04000
1.00000 0.08200 0.26600 0.04000 0.04000
1.00000 0.08000 0.38000 0.04000 0.04000
1.00000 0.07600 0.49400 0.04000 0.04000
1.00000 0.07400 0.60800 0.04000 0.04000
1.00000 0.06800 0.72600 0.04000 0.04000
1.00000 0.06000 0.84200 0.04000 0.04000
1.00000 0.06200 0.95400 0.04000 0.04000
0.00000 0.30600 0.96400 0.04000 0.04000
0.00000 0.31600 0.84800 0.04000 0.04000
0.00000 0.31600 0.73600 0.04000 0.04000
0.00000 0.32000 0.61600 0.04000 0.04000
0.00000 0.32600 0.50800 0.04000 0.04000
0.00000 0.33000 0.39000 0.04000 0.04000
0.00000 0.33200 0.27400 0.04000 0.04000
0.00000 0.33400 0.16000 0.04000 0.04000
0.00000 0.34000 0.04800 0.04000 0.04000
0.00000 0.68000 0.05600 0.04000 0.04000
0.00000 0.67600 0.16800 0.04000 0.04000
0.00000 0.67200 0.28400 0.04000 0.04000
0.00000 0.66800 0.39600 0.04000 0.04000
0.00000 0.66600 0.51200 0.04000 0.04000
0.00000 0.66000 0.62800 0.04000 0.04000
0.00000 0.65800 0.74200 0.04000 0.04000
0.00000 0.65400 0.86000 0.04000 0.04000
0.00000 0.65000 0.97400 0.04000 0.04000
1.00000 0.89600 0.97800 0.04000 0.04000
1.00000 0.90200 0.86200 0.04000 0.04000
1.00000 0.90600 0.75000 0.04000 0.04000
1.00000 0.90800 0.63400 0.04000 0.04000
1.00000 0.91200 0.52200 0.04000 0.04000
1.00000 0.91600 0.40800 0.04000 0.04000
1.00000 0.91800 0.29400 0.04000 0.04000
1.00000 0.92400 0.17800 0.04000 0.04000
1.00000 0.92800 0.06000 0.04000 0.04000
