3.00000 0.30600 0.18600 0.04000 0.04000
3.00000 0.30000 0.29800 0.04000 0.04000
3.00000 0.33600 0.87400 0.04000 0.04000
0.00000 0.36200 0.87400 0.04000 0.04000
0.00000 0.36200 0.75800 0.04000 0.04000
0.00000 0.35800 0.64400 0.04000 0.04000
0.00000 0.35600 0.52600 0.04000 0.04000
0.00000 0.35200 0.41400 0.04000 0.04000
0.00000 0.34800 0.29600 0.04000 0.04000
0.00000 0.34400 0.18200 0.04000 0.04000
0.00000 0.66000 0.18200 0.04000 0.04000
0.00000 0.66400 0.34400 0.04000 0.04000
0.00000 0.66800 0.50800 0.04000 0.04000
0.00000 0.67200 0.63000 0.04000 0.04000
0.00000 0.67200 0.74600 0.04000 0.04000
3.00000 0.69600 0.86000 0.04000 0.04000
0.00000 0.67600 0.86200 0.04000 0.04000
0.00000 0.67800 0.97600 0.04000 0.04000
1.00000 0.92800 0.96600 0.04000 0.04000
1.00000 0.92000 0.73600 0.04000 0.04000
1.00000 0.91800 0.62000 0.04000 0.04000
1.00000 0.91200 0.49800 0.04000 0.04000
1.00000 0.90800 0.33200 0.04000 0.04000
1.00000 0.90400 0.17600 0.04000 0.04000
1.00000 0.10600 0.42000 0.04000 0.04000
1.00000 0.10800 0.53400 0.04000 0.04000
1.00000 0.11200 0.76200 0.04000 0.04000
1.00000 0.11000 0.65000 0.04000 0.04000
1.00000 0.12000 0.99200 0.04000 0.04000
1.00000 0.36400 0.98200 0.04000 0.04000
