0.00000 0.41200 0.02400 0.04000 0.04000
0.00000 0.39600 0.18800 0.04000 0.04000
3.00000 0.29200 0.28200 0.04000 0.04000
0.00000 0.31200 0.27200 0.04000 0.04000
0.00000 0.37800 0.35000 0.04000 0.04000
0.00000 0.36400 0.51800 0.04000 0.04000
0.00000 0.27800 0.60000 0.04000 0.04000
0.00000 0.35000 0.68400 0.04000 0.04000
0.00000 0.26200 0.76400 0.04000 0.04000
0.00000 0.33400 0.84600 0.04000 0.04000
0.00000 0.24600 0.93200 0.04000 0.04000
1.00000 0.16600 0.84400 0.04000 0.04000
1.00000 0.09200 0.75800 0.04000 0.04000
1.00000 0.22600 0.18000 0.04000 0.04000
1.00000 0.13800 0.26200 0.04000 0.04000
1.00000 0.15400 0.09800 0.04000 0.04000
0.00000 0.80600 0.15000 0.04000 0.04000
0.00000 0.88000 0.23400 0.04000 0.04000
0.00000 0.79400 0.31400 0.04000 0.04000
0.00000 0.86800 0.40000 0.04000 0.04000
0.00000 0.78000 0.48000 0.04000 0.04000
0.00000 0.85000 0.56400 0.04000 0.04000
0.00000 0.76400 0.64200 0.04000 0.04000
0.00000 0.74800 0.80800 0.04000 0.04000
0.00000 0.73200 0.97600 0.04000 0.04000
0.00000 0.81800 0.89400 0.04000 0.04000
1.00000 0.94800 0.48200 0.04000 0.04000
3.00000 0.99200 0.44400 0.04000 0.04000
3.00000 0.90800 0.36800 0.04000 0.04000
1.00000 0.98000 0.15200 0.04000 0.04000
3.00000 0.97200 0.00600 0.04000 0.04000
0.00000 0.32200 0.10200 0.04000 0.04000
