3.00000 0.27200 0.40600 0.04000 0.04000
1.00000 0.37200 0.10600 0.04000 0.04000
3.00000 0.57200 0.22800 0.04000 0.04000
1.00000 0.26800 0.15600 0.04000 0.04000
0.00000 0.18400 0.48400 0.04000 0.04000
0.00000 0.28400 0.43200 0.04000 0.04000
0.00000 0.38600 0.37400 0.04000 0.04000
0.00000 0.48400 0.32200 0.04000 0.04000
0.00000 0.59200 0.26400 0.04000 0.04000
0.00000 0.69000 0.21800 0.04000 0.04000
0.00000 0.79600 0.16000 0.04000 0.04000
1.00000 0.57600 0.00400 0.04000 0.04000
0.00000 0.95800 0.43000 0.04000 0.04000
3.00000 0.98800 0.50000 0.04000 0.04000
