0.00000 0.70400 0.39800 0.04000 0.04000
0.00000 0.63200 0.49000 0.04000 0.04000
0.00000 0.73400 0.57000 0.04000 0.04000
0.00000 0.79800 0.47200 0.04000 0.04000
0.00000 0.86800 0.37800 0.04000 0.04000
0.00000 0.66600 0.65800 0.04000 0.04000
1.00000 0.86000 0.80200 0.04000 0.04000
1.00000 0.92400 0.71400 0.04000 0.04000
1.00000 0.82800 0.63200 0.04000 0.04000
1.00000 0.89200 0.54400 0.04000 0.04000
0.00000 0.33800 0.42000 0.04000 0.04000
0.00000 0.22600 0.43800 0.04000 0.04000
0.00000 0.11200 0.45200 0.04000 0.04000
0.00000 0.41200 0.91200 0.04000 0.04000
0.00000 0.29600 0.92600 0.04000 0.04000
0.00000 0.18600 0.94000 0.04000 0.04000
0.00000 0.06800 0.96200 0.04000 0.04000
1.00000 0.03200 0.71600 0.04000 0.04000
1.00000 0.14600 0.70000 0.04000 0.04000
1.00000 0.26000 0.68400 0.04000 0.04000
1.00000 0.37400 0.66400 0.04000 0.04000
0.00000 0.29200 0.08800 0.04000 0.04000
0.00000 0.17600 0.10200 0.04000 0.04000
0.00000 0.06200 0.12000 0.04000 0.04000
3.00000 0.04400 0.00800 0.04000 0.04000
3.00000 0.16200 0.01000 0.04000 0.04000
3.00000 0.28000 0.01200 0.04000 0.04000
