0.00000 0.40200 0.53800 0.04000 0.04000
0.00000 0.40200 0.42400 0.04000 0.04000
0.00000 0.40600 0.30200 0.04000 0.04000
0.00000 0.40400 0.19200 0.04000 0.04000
0.00000 0.41200 0.07600 0.04000 0.04000
1.00000 0.15800 0.07200 0.04000 0.04000
1.00000 0.15800 0.18800 0.04000 0.04000
1.00000 0.16000 0.29800 0.04000 0.04000
1.00000 0.15600 0.41800 0.04000 0.04000
1.00000 0.15600 0.53000 0.04000 0.04000
1.00000 0.15400 0.64600 0.04000 0.04000
1.00000 0.15800 0.76000 0.04000 0.04000
1.00000 0.15200 0.87400 0.04000 0.04000
0.00000 0.40200 0.87800 0.04000 0.04000
0.00000 0.40400 0.76600 0.04000 0.04000
0.00000 0.40200 0.65000 0.04000 0.04000
0.00000 0.61000 0.57000 0.04000 0.04000
0.00000 0.61000 0.24200 0.04000 0.04000
1.00000 0.75800 0.24400 0.04000 0.04000
1.00000 0.75400 0.57000 0.04000 0.04000
1.00000 0.75200 0.89200 0.04000 0.04000
0.00000 0.61200 0.88600 0.04000 0.04000
1.00000 0.15200 0.98800 0.04000 0.04000
