3.00000 0.33000 0.17600 0.04000 0.04000
3.00000 0.33800 0.06000 0.04000 0.04000
3.00000 0.68600 0.04200 0.04000 0.04000
3.00000 0.74600 0.85200 0.04000 0.04000
3.00000 0.36000 0.86800 0.04000 0.04000
0.00000 0.38800 0.86600 0.04000 0.04000
0.00000 0.39600 0.97800 0.04000 0.04000
0.00000 0.38400 0.75000 0.04000 0.04000
0.00000 0.37800 0.63200 0.04000 0.04000
0.00000 0.37600 0.51800 0.04000 0.04000
0.00000 0.36600 0.40200 0.04000 0.04000
0.00000 0.36400 0.28800 0.04000 0.04000
0.00000 0.35800 0.17600 0.04000 0.04000
1.00000 0.11600 0.29600 0.04000 0.04000
0.00000 0.35200 0.06200 0.04000 0.04000
0.00000 0.66200 0.04000 0.04000 0.04000
0.00000 0.67200 0.15600 0.04000 0.04000
0.00000 0.67600 0.26400 0.04000 0.04000
0.00000 0.68000 0.38400 0.04000 0.04000
0.00000 0.68400 0.50000 0.04000 0.04000
0.00000 0.69000 0.62600 0.04000 0.04000
0.00000 0.69800 0.73800 0.04000 0.04000
0.00000 0.70200 0.85400 0.04000 0.04000
0.00000 0.71000 0.96800 0.04000 0.04000
1.00000 0.95400 0.95600 0.04000 0.04000
1.00000 0.94400 0.72800 0.04000 0.04000
1.00000 0.93800 0.61400 0.04000 0.04000
1.00000 0.93400 0.49200 0.04000 0.04000
1.00000 0.93000 0.37400 0.04000 0.04000
1.00000 0.92000 0.26200 0.04000 0.04000
1.00000 0.91800 0.14400 0.04000 0.04000
1.00000 0.12200 0.41600 0.04000 0.04000
1.00000 0.12400 0.52800 0.04000 0.04000
1.00000 0.13800 0.76000 0.04000 0.04000
1.00000 0.13200 0.64600 0.04000 0.04000
1.00000 0.14600 0.98600 0.04000 0.04000
