0.00000 0.51800 0.83200 0.04000 0.04000
0.00000 0.54600 0.72200 0.04000 0.04000
0.00000 0.57400 0.60800 0.04000 0.04000
0.00000 0.60400 0.49400 0.04000 0.04000
0.00000 0.63000 0.38400 0.04000 0.04000
0.00000 0.65800 0.27400 0.04000 0.04000
1.00000 0.90000 0.33200 0.04000 0.04000
1.00000 0.87200 0.44400 0.04000 0.04000
1.00000 0.84600 0.55800 0.04000 0.04000
1.00000 0.81600 0.67200 0.04000 0.04000
1.00000 0.79000 0.78400 0.04000 0.04000
1.00000 0.76000 0.89400 0.04000 0.04000
0.00000 0.49000 0.94800 0.04000 0.04000
0.00000 0.71400 0.04800 0.04000 0.04000
1.00000 0.95600 0.10400 0.04000 0.04000
0.00000 0.38000 0.08600 0.04000 0.04000
1.00000 0.14800 0.03200 0.04000 0.04000
