3.00000 0.17000 0.45400 0.04000 0.04000
3.00000 0.82200 0.73600 0.04000 0.04000
3.00000 0.03000 0.66400 0.04000 0.04000
1.00000 0.06000 0.62000 0.04000 0.04000
1.00000 0.15600 0.68600 0.04000 0.04000
0.00000 0.28800 0.48200 0.04000 0.04000
0.00000 0.19000 0.42200 0.04000 0.04000
3.00000 0.01400 0.48200 0.04000 0.04000
0.00000 0.03200 0.45400 0.04000 0.04000
0.00000 0.22600 0.58600 0.04000 0.04000
0.00000 0.31600 0.64400 0.04000 0.04000
0.00000 0.25400 0.74800 0.04000 0.04000
0.00000 0.34800 0.80800 0.04000 0.04000
0.00000 0.28400 0.91400 0.04000 0.04000
0.00000 0.37400 0.97000 0.04000 0.04000
1.00000 0.18000 0.84400 0.04000 0.04000
1.00000 0.09200 0.78800 0.04000 0.04000
0.00000 0.70400 0.50000 0.04000 0.04000
0.00000 0.79800 0.56200 0.04000 0.04000
0.00000 0.73600 0.66400 0.04000 0.04000
0.00000 0.76600 0.82400 0.04000 0.04000
0.00000 0.86000 0.88800 0.04000 0.04000
0.00000 0.23800 0.12800 0.04000 0.04000
0.00000 0.21200 0.01200 0.04000 0.04000
3.00000 0.00800 0.05600 0.04000 0.04000
3.00000 0.00800 0.17200 0.04000 0.04000
0.00000 0.56800 0.05600 0.04000 0.04000
1.00000 0.83800 0.30200 0.04000 0.04000
1.00000 0.93000 0.36000 0.04000 0.04000
1.00000 0.86800 0.46000 0.04000 0.04000
1.00000 0.99000 0.68600 0.04000 0.04000
1.00000 0.92800 0.78600 0.04000 0.04000
0.00000 0.79400 0.98000 0.04000 0.04000
