0.00000 0.34000 0.24600 0.04000 0.04000
0.00000 0.34000 0.44200 0.04000 0.04000
0.00000 0.34400 0.64200 0.04000 0.04000
0.00000 0.35200 0.84400 0.04000 0.04000
0.00000 0.60200 0.84400 0.04000 0.04000
0.00000 0.60000 0.64000 0.04000 0.04000
0.00000 0.59400 0.44000 0.04000 0.04000
0.00000 0.59200 0.24000 0.04000 0.04000
1.00000 0.79000 0.51200 0.04000 0.04000
1.00000 0.79600 0.70800 0.04000 0.04000
1.00000 0.80000 0.91400 0.04000 0.04000
1.00000 0.90400 0.92000 0.04000 0.04000
1.00000 0.89600 0.71200 0.04000 0.04000
1.00000 0.89200 0.52000 0.04000 0.04000
1.00000 0.04600 0.53000 0.04000 0.04000
1.00000 0.05400 0.72800 0.04000 0.04000
1.00000 0.04800 0.92800 0.04000 0.04000
1.00000 0.15000 0.92600 0.04000 0.04000
3.00000 0.25200 0.99200 0.04000 0.04000
1.00000 0.15400 0.72200 0.04000 0.04000
1.00000 0.14200 0.52000 0.04000 0.04000
3.00000 0.71000 0.99200 0.04000 0.04000
