0.00000 0.30200 0.44400 0.04000 0.04000
0.00000 0.25800 0.34200 0.04000 0.04000
0.00000 0.36400 0.29000 0.04000 0.04000
0.00000 0.32000 0.19000 0.04000 0.04000
0.00000 0.42400 0.14000 0.04000 0.04000
0.00000 0.38000 0.03600 0.04000 0.04000
0.00000 0.19400 0.49000 0.04000 0.04000
0.00000 0.23800 0.59400 0.04000 0.04000
0.00000 0.13200 0.64000 0.04000 0.04000
0.00000 0.17000 0.74800 0.04000 0.04000
3.00000 0.00800 0.81600 0.04000 0.04000
1.00000 0.01200 0.68600 0.04000 0.04000
3.00000 0.00600 0.56600 0.04000 0.04000
1.00000 0.07800 0.53200 0.04000 0.04000
1.00000 0.03200 0.43000 0.04000 0.04000
1.00000 0.13800 0.38200 0.04000 0.04000
1.00000 0.09400 0.28000 0.04000 0.04000
1.00000 0.20000 0.23000 0.04000 0.04000
1.00000 0.15800 0.13200 0.04000 0.04000
1.00000 0.26200 0.07600 0.04000 0.04000
0.00000 0.82600 0.23600 0.04000 0.04000
0.00000 0.87000 0.34600 0.04000 0.04000
0.00000 0.76400 0.39000 0.04000 0.04000
0.00000 0.80200 0.49000 0.04000 0.04000
0.00000 0.69800 0.53800 0.04000 0.04000
0.00000 0.74000 0.64200 0.04000 0.04000
0.00000 0.63800 0.68800 0.04000 0.04000
0.00000 0.67800 0.78800 0.04000 0.04000
0.00000 0.57800 0.83600 0.04000 0.04000
0.00000 0.62000 0.94200 0.04000 0.04000
0.00000 0.51600 0.98600 0.04000 0.04000
1.00000 0.73600 0.90200 0.04000 0.04000
1.00000 0.84000 0.84400 0.04000 0.04000
1.00000 0.80400 0.75000 0.04000 0.04000
1.00000 0.90200 0.69600 0.04000 0.04000
1.00000 0.86000 0.60000 0.04000 0.04000
1.00000 0.96800 0.54800 0.04000 0.04000
1.00000 0.92600 0.44600 0.04000 0.04000
1.00000 0.98600 0.29400 0.04000 0.04000
1.00000 0.92600 0.18600 0.04000 0.04000
3.00000 0.99200 0.16600 0.04000 0.04000
0.00000 0.88800 0.08800 0.04000 0.04000
0.00000 0.98400 0.03600 0.04000 0.04000
