0.00000 0.41400 0.44200 0.04000 0.04000
0.00000 0.41200 0.33000 0.04000 0.04000
0.00000 0.41400 0.21200 0.04000 0.04000
0.00000 0.41600 0.09800 0.04000 0.04000
1.00000 0.16400 0.09800 0.04000 0.04000
1.00000 0.16200 0.21400 0.04000 0.04000
1.00000 0.16200 0.32800 0.04000 0.04000
1.00000 0.16400 0.44400 0.04000 0.04000
1.00000 0.16600 0.55600 0.04000 0.04000
1.00000 0.16600 0.67200 0.04000 0.04000
1.00000 0.16600 0.78600 0.04000 0.04000
1.00000 0.16200 0.90600 0.04000 0.04000
0.00000 0.41200 0.90000 0.04000 0.04000
0.00000 0.41400 0.78800 0.04000 0.04000
0.00000 0.41400 0.67200 0.04000 0.04000
0.00000 0.41400 0.55800 0.04000 0.04000
0.00000 0.62200 0.36000 0.04000 0.04000
0.00000 0.62000 0.03800 0.04000 0.04000
1.00000 0.76600 0.03600 0.04000 0.04000
1.00000 0.76800 0.36400 0.04000 0.04000
1.00000 0.76400 0.68600 0.04000 0.04000
0.00000 0.62200 0.69000 0.04000 0.04000
