0.00000 0.25600 0.52400 0.04000 0.04000
0.00000 0.07000 0.60200 0.04000 0.04000
3.00000 0.00600 0.47200 0.04000 0.04000
3.00000 0.00600 0.58800 0.04000 0.04000
0.00000 0.06400 0.06600 0.04000 0.04000
0.00000 0.52400 0.06400 0.04000 0.04000
0.00000 0.64800 0.36400 0.04000 0.04000
0.00000 0.77200 0.66200 0.04000 0.04000
1.00000 0.90600 0.61000 0.04000 0.04000
1.00000 0.78000 0.30600 0.04000 0.04000
1.00000 0.66000 0.00400 0.04000 0.04000
0.00000 0.89400 0.96800 0.04000 0.04000
3.00000 0.99000 0.92600 0.04000 0.04000
