3.00000 0.43400 0.15800 0.04000 0.04000
3.00000 0.80000 0.33600 0.04000 0.04000
0.00000 0.85000 0.01200 0.04000 0.04000
1.00000 0.91800 0.33600 0.04000 0.04000
0.00000 0.76800 0.20000 0.04000 0.04000
0.00000 0.69000 0.38200 0.04000 0.04000
1.00000 0.76000 0.70400 0.04000 0.04000
1.00000 0.85000 0.75400 0.04000 0.04000
1.00000 0.93600 0.56800 0.04000 0.04000
1.00000 0.16800 0.45400 0.04000 0.04000
0.00000 0.45800 0.28000 0.04000 0.04000
0.00000 0.53600 0.09400 0.04000 0.04000
1.00000 0.15000 0.22600 0.04000 0.04000
1.00000 0.07400 0.41600 0.04000 0.04000
1.00000 0.23000 0.04400 0.04000 0.04000
