0.00000 0.35800 0.47600 0.04000 0.04000
0.00000 0.25000 0.43400 0.04000 0.04000
0.00000 0.29000 0.32600 0.04000 0.04000
0.00000 0.18600 0.28600 0.04000 0.04000
0.00000 0.22800 0.17600 0.04000 0.04000
0.00000 0.12200 0.13600 0.04000 0.04000
0.00000 0.16000 0.02600 0.04000 0.04000
0.00000 0.70200 0.25000 0.04000 0.04000
0.00000 0.81000 0.29000 0.04000 0.04000
0.00000 0.74400 0.14400 0.04000 0.04000
0.00000 0.64000 0.09800 0.04000 0.04000
0.00000 0.77200 0.39800 0.04000 0.04000
0.00000 0.87800 0.44200 0.04000 0.04000
0.00000 0.92600 0.32600 0.04000 0.04000
1.00000 0.96000 0.21600 0.04000 0.04000
1.00000 0.85600 0.17200 0.04000 0.04000
1.00000 0.89600 0.06600 0.04000 0.04000
1.00000 0.79200 0.02600 0.04000 0.04000
1.00000 0.27400 0.69800 0.04000 0.04000
1.00000 0.16200 0.66200 0.04000 0.04000
1.00000 0.20600 0.55000 0.04000 0.04000
1.00000 0.10000 0.51000 0.04000 0.04000
1.00000 0.14000 0.40200 0.04000 0.04000
1.00000 0.03200 0.36000 0.04000 0.04000
1.00000 0.07200 0.25200 0.04000 0.04000
0.00000 0.11600 0.77800 0.04000 0.04000
0.00000 0.01200 0.73600 0.04000 0.04000
0.00000 0.05200 0.62800 0.04000 0.04000
3.00000 0.67800 0.00800 0.04000 0.04000
0.00000 0.83000 0.85400 0.04000 0.04000
1.00000 0.88600 0.98200 0.04000 0.04000
0.00000 0.52800 0.98400 0.04000 0.04000
