0.00000 0.61600 0.01000 0.04000 0.04000
1.00000 0.75800 0.01000 0.04000 0.04000
1.00000 0.77600 0.32600 0.04000 0.04000
1.00000 0.78800 0.65000 0.04000 0.04000
1.00000 0.80800 0.97000 0.04000 0.04000
0.00000 0.66200 0.98000 0.04000 0.04000
0.00000 0.64600 0.65800 0.04000 0.04000
0.00000 0.63000 0.33000 0.04000 0.04000
0.00000 0.39000 0.64200 0.04000 0.04000
0.00000 0.31000 0.56400 0.04000 0.04000
0.00000 0.38600 0.47200 0.04000 0.04000
3.00000 0.29200 0.40400 0.04000 0.04000
0.00000 0.38200 0.30400 0.04000 0.04000
0.00000 0.30200 0.23000 0.04000 0.04000
1.00000 0.21400 0.31800 0.04000 0.04000
1.00000 0.13200 0.24800 0.04000 0.04000
0.00000 0.37800 0.13600 0.04000 0.04000
1.00000 0.12800 0.07400 0.04000 0.04000
1.00000 0.13600 0.40600 0.04000 0.04000
1.00000 0.22200 0.64800 0.04000 0.04000
0.00000 0.31400 0.73200 0.04000 0.04000
1.00000 0.15400 0.90600 0.04000 0.04000
1.00000 0.23000 0.98000 0.04000 0.04000
0.00000 0.32000 0.89000 0.04000 0.04000
0.00000 0.40000 0.97200 0.04000 0.04000
0.00000 0.39600 0.80400 0.04000 0.04000
