0.00000 0.41400 0.22800 0.04000 0.04000
0.00000 0.30200 0.21200 0.04000 0.04000
0.00000 0.18800 0.19600 0.04000 0.04000
0.00000 0.07000 0.17800 0.04000 0.04000
0.00000 0.11800 0.69200 0.04000 0.04000
0.00000 0.00600 0.67400 0.04000 0.04000
0.00000 0.23200 0.70400 0.04000 0.04000
0.00000 0.34600 0.72000 0.04000 0.04000
1.00000 0.38000 0.47800 0.04000 0.04000
1.00000 0.26600 0.46000 0.04000 0.04000
1.00000 0.15600 0.44400 0.04000 0.04000
1.00000 0.04000 0.42800 0.04000 0.04000
0.00000 0.75400 0.48600 0.04000 0.04000
0.00000 0.68000 0.38000 0.04000 0.04000
0.00000 0.77000 0.31400 0.04000 0.04000
0.00000 0.84400 0.40400 0.04000 0.04000
0.00000 0.66400 0.55200 0.04000 0.04000
1.00000 0.80800 0.74400 0.04000 0.04000
1.00000 0.89800 0.67800 0.04000 0.04000
1.00000 0.82600 0.57000 0.04000 0.04000
1.00000 0.91600 0.50600 0.04000 0.04000
0.00000 0.96600 0.76600 0.04000 0.04000
