0.00000 0.73000 0.41200 0.04000 0.04000
0.00000 0.45200 0.24600 0.04000 0.04000
1.00000 0.52800 0.12200 0.04000 0.04000
1.00000 0.80600 0.29000 0.04000 0.04000
0.00000 0.26800 0.64200 0.04000 0.04000
0.00000 0.24200 0.53600 0.04000 0.04000
0.00000 0.12000 0.56200 0.04000 0.04000
0.00000 0.09200 0.45600 0.04000 0.04000
3.00000 0.00600 0.47400 0.04000 0.04000
1.00000 0.01000 0.59200 0.04000 0.04000
1.00000 0.03600 0.70200 0.04000 0.04000
0.00000 0.16000 0.67400 0.04000 0.04000
0.00000 0.18400 0.78600 0.04000 0.04000
0.00000 0.07600 0.81400 0.04000 0.04000
0.00000 0.10200 0.92400 0.04000 0.04000
3.00000 0.00800 0.94600 0.04000 0.04000
0.00000 0.56800 0.94000 0.04000 0.04000
1.00000 0.80200 0.88400 0.04000 0.04000
1.00000 0.83000 0.99200 0.04000 0.04000
