0.00000 0.49800 0.83800 0.04000 0.04000
0.00000 0.62800 0.98800 0.04000 0.04000
3.00000 0.51200 0.96400 0.04000 0.04000
1.00000 0.17800 0.74600 0.04000 0.04000
1.00000 0.68600 0.32200 0.04000 0.04000
3.00000 0.82800 0.70600 0.04000 0.04000
1.00000 0.76800 0.26000 0.04000 0.04000
1.00000 0.88800 0.41400 0.04000 0.04000
3.00000 0.95600 0.83800 0.04000 0.04000
0.00000 0.96400 0.97800 0.04000 0.04000
0.00000 0.84000 0.82200 0.04000 0.04000
0.00000 0.70800 0.66600 0.04000 0.04000
1.00000 0.22600 0.96000 0.04000 0.04000
1.00000 0.09400 0.80000 0.04000 0.04000
