1.00000 0.05400 0.16400 0.04000 0.04000
1.00000 0.13000 0.07000 0.04000 0.04000
0.00000 0.30200 0.06000 0.04000 0.04000
0.00000 0.22200 0.15200 0.04000 0.04000
0.00000 0.30800 0.22800 0.04000 0.04000
0.00000 0.30800 0.39600 0.04000 0.04000
0.00000 0.23200 0.48200 0.04000 0.04000
0.00000 0.30800 0.56000 0.04000 0.04000
0.00000 0.23000 0.65200 0.04000 0.04000
0.00000 0.31200 0.72800 0.04000 0.04000
0.00000 0.22600 0.82000 0.04000 0.04000
0.00000 0.31000 0.89400 0.04000 0.04000
0.00000 0.72000 0.64400 0.04000 0.04000
3.00000 0.82600 0.70200 0.04000 0.04000
0.00000 0.80000 0.72600 0.04000 0.04000
0.00000 0.72200 0.81200 0.04000 0.04000
0.00000 0.79800 0.88400 0.04000 0.04000
3.00000 0.82800 0.87400 0.04000 0.04000
0.00000 0.72400 0.97600 0.04000 0.04000
0.00000 0.71800 0.48000 0.04000 0.04000
0.00000 0.79800 0.38800 0.04000 0.04000
0.00000 0.71400 0.31200 0.04000 0.04000
0.00000 0.79600 0.22400 0.04000 0.04000
0.00000 0.71400 0.14400 0.04000 0.04000
0.00000 0.78800 0.05800 0.04000 0.04000
1.00000 0.88400 0.13400 0.04000 0.04000
1.00000 0.96400 0.21000 0.04000 0.04000
1.00000 0.88400 0.30000 0.04000 0.04000
3.00000 0.97600 0.37400 0.04000 0.04000
0.00000 0.79800 0.55600 0.04000 0.04000
1.00000 0.14200 0.73600 0.04000 0.04000
1.00000 0.06400 0.82600 0.04000 0.04000
1.00000 0.14400 0.90200 0.04000 0.04000
0.00000 0.23200 0.98400 0.04000 0.04000
1.00000 0.97200 0.71400 0.04000 0.04000
1.00000 0.97000 0.87800 0.04000 0.04000
1.00000 0.05600 0.32800 0.04000 0.04000
