0.00000 0.35000 0.51600 0.04000 0.04000
0.00000 0.24800 0.56200 0.04000 0.04000
0.00000 0.14200 0.61400 0.04000 0.04000
0.00000 0.03800 0.66400 0.04000 0.04000
1.00000 0.14600 0.88800 0.04000 0.04000
1.00000 0.25200 0.84000 0.04000 0.04000
1.00000 0.35800 0.78800 0.04000 0.04000
1.00000 0.45600 0.73600 0.04000 0.04000
0.00000 0.56800 0.96200 0.04000 0.04000
0.00000 0.65400 0.49400 0.04000 0.04000
0.00000 0.69000 0.38800 0.04000 0.04000
0.00000 0.77200 0.53800 0.04000 0.04000
0.00000 0.73600 0.64400 0.04000 0.04000
1.00000 0.96200 0.72000 0.04000 0.04000
1.00000 0.99200 0.61400 0.04000 0.04000
1.00000 0.87400 0.57200 0.04000 0.04000
1.00000 0.91800 0.46600 0.04000 0.04000
0.00000 0.80000 0.42400 0.04000 0.04000
0.00000 0.84000 0.31800 0.04000 0.04000
0.00000 0.99000 0.25000 0.04000 0.04000
