0.00000 0.30200 0.01600 0.04000 0.04000
0.00000 0.23200 0.10600 0.04000 0.04000
0.00000 0.31600 0.17600 0.04000 0.04000
0.00000 0.24600 0.28000 0.04000 0.04000
0.00000 0.33000 0.35000 0.04000 0.04000
0.00000 0.26000 0.44600 0.04000 0.04000
0.00000 0.34800 0.51600 0.04000 0.04000
0.00000 0.28000 0.60600 0.04000 0.04000
0.00000 0.36800 0.67600 0.04000 0.04000
0.00000 0.29800 0.77000 0.04000 0.04000
0.00000 0.38800 0.84000 0.04000 0.04000
0.00000 0.31800 0.93000 0.04000 0.04000
1.00000 0.21800 0.86800 0.04000 0.04000
1.00000 0.19600 0.70200 0.04000 0.04000
1.00000 0.18200 0.53800 0.04000 0.04000
1.00000 0.11200 0.63400 0.04000 0.04000
3.00000 0.22600 0.29200 0.04000 0.04000
1.00000 0.07800 0.30000 0.04000 0.04000
1.00000 0.15000 0.20400 0.04000 0.04000
1.00000 0.06000 0.13600 0.04000 0.04000
1.00000 0.14800 0.95800 0.04000 0.04000
3.00000 0.26800 0.99000 0.04000 0.04000
0.00000 0.88800 0.95400 0.04000 0.04000
3.00000 0.99000 0.83000 0.04000 0.04000
0.00000 0.79800 0.89000 0.04000 0.04000
3.00000 0.86800 0.80200 0.04000 0.04000
0.00000 0.78000 0.72800 0.04000 0.04000
0.00000 0.85000 0.63000 0.04000 0.04000
0.00000 0.76600 0.56400 0.04000 0.04000
3.00000 0.85600 0.44000 0.04000 0.04000
0.00000 0.84000 0.46400 0.04000 0.04000
0.00000 0.75200 0.39400 0.04000 0.04000
0.00000 0.82400 0.29600 0.04000 0.04000
0.00000 0.73600 0.22600 0.04000 0.04000
0.00000 0.80400 0.12800 0.04000 0.04000
0.00000 0.71400 0.06400 0.04000 0.04000
3.00000 0.76000 0.00800 0.04000 0.04000
3.00000 0.91000 0.00600 0.04000 0.04000
1.00000 0.88400 0.03600 0.04000 0.04000
1.00000 0.90400 0.20200 0.04000 0.04000
1.00000 0.92800 0.53800 0.04000 0.04000
3.00000 0.99000 0.45800 0.04000 0.04000
