0.00000 0.22000 0.04600 0.04000 0.04000
0.00000 0.29400 0.12400 0.04000 0.04000
0.00000 0.21600 0.21000 0.04000 0.04000
0.00000 0.29600 0.28800 0.04000 0.04000
0.00000 0.22000 0.37000 0.04000 0.04000
0.00000 0.29400 0.44800 0.04000 0.04000
0.00000 0.22000 0.53400 0.04000 0.04000
0.00000 0.30000 0.61400 0.04000 0.04000
0.00000 0.21800 0.69800 0.04000 0.04000
0.00000 0.29800 0.77600 0.04000 0.04000
0.00000 0.21600 0.86400 0.04000 0.04000
0.00000 0.29400 0.94600 0.04000 0.04000
3.00000 0.24600 0.99200 0.04000 0.04000
1.00000 0.12400 0.94600 0.04000 0.04000
1.00000 0.04600 0.87200 0.04000 0.04000
1.00000 0.12600 0.78000 0.04000 0.04000
1.00000 0.04800 0.70800 0.04000 0.04000
1.00000 0.12800 0.62200 0.04000 0.04000
1.00000 0.04800 0.54200 0.04000 0.04000
1.00000 0.12600 0.46200 0.04000 0.04000
1.00000 0.04800 0.38000 0.04000 0.04000
1.00000 0.12400 0.29600 0.04000 0.04000
1.00000 0.04200 0.21600 0.04000 0.04000
1.00000 0.12800 0.13600 0.04000 0.04000
1.00000 0.04600 0.06000 0.04000 0.04000
0.00000 0.70400 0.05600 0.04000 0.04000
3.00000 0.75800 0.00600 0.04000 0.04000
3.00000 0.92600 0.00800 0.04000 0.04000
1.00000 0.87600 0.05400 0.04000 0.04000
1.00000 0.95200 0.12200 0.04000 0.04000
1.00000 0.87600 0.21800 0.04000 0.04000
1.00000 0.95600 0.29600 0.04000 0.04000
1.00000 0.87800 0.37600 0.04000 0.04000
1.00000 0.96600 0.45800 0.04000 0.04000
1.00000 0.87400 0.54400 0.04000 0.04000
1.00000 0.95600 0.62000 0.04000 0.04000
1.00000 0.87800 0.70400 0.04000 0.04000
1.00000 0.95400 0.77400 0.04000 0.04000
1.00000 0.88000 0.86200 0.04000 0.04000
1.00000 0.95600 0.94200 0.04000 0.04000
0.00000 0.78800 0.95000 0.04000 0.04000
0.00000 0.70400 0.87600 0.04000 0.04000
0.00000 0.78600 0.79000 0.04000 0.04000
0.00000 0.70600 0.71200 0.04000 0.04000
0.00000 0.78400 0.62600 0.04000 0.04000
0.00000 0.70800 0.55200 0.04000 0.04000
0.00000 0.78400 0.46400 0.04000 0.04000
0.00000 0.70800 0.38800 0.04000 0.04000
0.00000 0.78400 0.30800 0.04000 0.04000
0.00000 0.70400 0.22600 0.04000 0.04000
0.00000 0.78600 0.14000 0.04000 0.04000
