0.00000 0.39400 0.13000 0.04000 0.04000
1.00000 0.14800 0.14200 0.04000 0.04000
1.00000 0.14200 0.03000 0.04000 0.04000
0.00000 0.38600 0.01800 0.04000 0.04000
0.00000 0.70600 0.01000 0.04000 0.04000
3.00000 0.73000 0.12000 0.04000 0.04000
0.00000 0.70800 0.12200 0.04000 0.04000
0.00000 0.72000 0.35200 0.04000 0.04000
0.00000 0.72600 0.45200 0.04000 0.04000
0.00000 0.72800 0.57200 0.04000 0.04000
0.00000 0.73600 0.67400 0.04000 0.04000
3.00000 0.78600 0.67200 0.04000 0.04000
0.00000 0.74000 0.78800 0.04000 0.04000
1.00000 0.98400 0.77600 0.04000 0.04000
1.00000 0.97800 0.56000 0.04000 0.04000
1.00000 0.97000 0.44400 0.04000 0.04000
1.00000 0.96600 0.34000 0.04000 0.04000
0.00000 0.40200 0.24600 0.04000 0.04000
0.00000 0.40400 0.36200 0.04000 0.04000
0.00000 0.41000 0.48000 0.04000 0.04000
0.00000 0.41800 0.59200 0.04000 0.04000
0.00000 0.43000 0.82400 0.04000 0.04000
3.00000 0.40600 0.82400 0.04000 0.04000
0.00000 0.42200 0.70400 0.04000 0.04000
1.00000 0.18400 0.94800 0.04000 0.04000
0.00000 0.43600 0.93800 0.04000 0.04000
3.00000 0.38000 0.24800 0.04000 0.04000
1.00000 0.15800 0.37400 0.04000 0.04000
1.00000 0.16400 0.49000 0.04000 0.04000
1.00000 0.17000 0.60200 0.04000 0.04000
