0.00000 0.72600 0.38800 0.04000 0.04000
0.00000 0.80400 0.71000 0.04000 0.04000
1.00000 0.94400 0.67600 0.04000 0.04000
1.00000 0.86800 0.35800 0.04000 0.04000
1.00000 0.79400 0.03800 0.04000 0.04000
0.00000 0.65200 0.07000 0.04000 0.04000
0.00000 0.23000 0.14200 0.04000 0.04000
0.00000 0.03600 0.18600 0.04000 0.04000
0.00000 0.34600 0.62400 0.04000 0.04000
0.00000 0.15200 0.67200 0.04000 0.04000
0.00000 0.20600 0.91800 0.04000 0.04000
0.00000 0.40200 0.87400 0.04000 0.04000
3.00000 0.29600 0.99000 0.04000 0.04000
3.00000 0.14000 0.99000 0.04000 0.04000
3.00000 0.00600 0.61400 0.04000 0.04000
1.00000 0.02600 0.49600 0.04000 0.04000
1.00000 0.01400 0.39200 0.04000 0.04000
