0.00000 0.32000 0.38200 0.04000 0.04000
0.00000 0.29200 0.18000 0.04000 0.04000
0.00000 0.56000 0.15600 0.04000 0.04000
0.00000 0.58600 0.35200 0.04000 0.04000
0.00000 0.34400 0.58200 0.04000 0.04000
3.00000 0.25600 0.48600 0.04000 0.04000
0.00000 0.37000 0.78200 0.04000 0.04000
0.00000 0.39400 0.98200 0.04000 0.04000
0.00000 0.65600 0.95000 0.04000 0.04000
1.00000 0.85000 0.84400 0.04000 0.04000
1.00000 0.82600 0.64600 0.04000 0.04000
3.00000 0.70400 0.61800 0.04000 0.04000
1.00000 0.77600 0.24400 0.04000 0.04000
1.00000 0.75200 0.04600 0.04000 0.04000
3.00000 0.63600 0.00800 0.04000 0.04000
1.00000 0.09000 0.13400 0.04000 0.04000
3.00000 0.13600 0.00600 0.04000 0.04000
1.00000 0.13800 0.53000 0.04000 0.04000
1.00000 0.04400 0.53200 0.04000 0.04000
1.00000 0.01800 0.33600 0.04000 0.04000
1.00000 0.16400 0.72800 0.04000 0.04000
1.00000 0.18600 0.92800 0.04000 0.04000
0.00000 0.61000 0.54800 0.04000 0.04000
0.00000 0.63400 0.74600 0.04000 0.04000
1.00000 0.06800 0.73600 0.04000 0.04000
1.00000 0.09000 0.93800 0.04000 0.04000
1.00000 0.89600 0.43800 0.04000 0.04000
1.00000 0.91800 0.63600 0.04000 0.04000
1.00000 0.94200 0.83200 0.04000 0.04000
1.00000 0.86800 0.24200 0.04000 0.04000
1.00000 0.84200 0.03800 0.04000 0.04000
