0.00000 0.40600 0.67800 0.04000 0.04000
0.00000 0.42000 0.56200 0.04000 0.04000
0.00000 0.43200 0.45000 0.04000 0.04000
0.00000 0.44600 0.33000 0.04000 0.04000
0.00000 0.46000 0.22000 0.04000 0.04000
0.00000 0.47600 0.10800 0.04000 0.04000
1.00000 0.16000 0.64800 0.04000 0.04000
1.00000 0.17000 0.53200 0.04000 0.04000
1.00000 0.18800 0.41800 0.04000 0.04000
1.00000 0.20000 0.30800 0.04000 0.04000
1.00000 0.21200 0.19200 0.04000 0.04000
1.00000 0.23000 0.07800 0.04000 0.04000
0.00000 0.62600 0.55600 0.04000 0.04000
0.00000 0.58800 0.88200 0.04000 0.04000
1.00000 0.73600 0.89800 0.04000 0.04000
1.00000 0.77200 0.57400 0.04000 0.04000
1.00000 0.81000 0.24600 0.04000 0.04000
0.00000 0.66600 0.23200 0.04000 0.04000
