0.00000 0.58200 0.03200 0.04000 0.04000
0.00000 0.58800 0.14200 0.04000 0.04000
0.00000 0.59200 0.25600 0.04000 0.04000
0.00000 0.60200 0.37400 0.04000 0.04000
0.00000 0.61000 0.49000 0.04000 0.04000
0.00000 0.61400 0.60200 0.04000 0.04000
0.00000 0.62200 0.70800 0.04000 0.04000
0.00000 0.63000 0.83200 0.04000 0.04000
0.00000 0.63600 0.95000 0.04000 0.04000
1.00000 0.88200 0.93200 0.04000 0.04000
1.00000 0.87600 0.81600 0.04000 0.04000
1.00000 0.87000 0.70000 0.04000 0.04000
1.00000 0.86200 0.58400 0.04000 0.04000
1.00000 0.85600 0.47600 0.04000 0.04000
1.00000 0.84800 0.35600 0.04000 0.04000
1.00000 0.84400 0.24400 0.04000 0.04000
1.00000 0.83400 0.13200 0.04000 0.04000
1.00000 0.83000 0.01600 0.04000 0.04000
