1.00000 0.11000 0.49600 0.04000 0.04000
1.00000 0.08200 0.60800 0.04000 0.04000
1.00000 0.05400 0.71600 0.04000 0.04000
1.00000 0.02800 0.82800 0.04000 0.04000
0.00000 0.26600 0.89200 0.04000 0.04000
0.00000 0.29400 0.78200 0.04000 0.04000
0.00000 0.32400 0.67200 0.04000 0.04000
0.00000 0.35200 0.55800 0.04000 0.04000
0.00000 0.68400 0.64800 0.04000 0.04000
0.00000 0.65400 0.75400 0.04000 0.04000
0.00000 0.62400 0.86400 0.04000 0.04000
0.00000 0.59400 0.97600 0.04000 0.04000
1.00000 0.86600 0.92600 0.04000 0.04000
1.00000 0.89400 0.81400 0.04000 0.04000
1.00000 0.92400 0.70400 0.04000 0.04000
