0.00000 0.67600 0.48400 0.04000 0.04000
0.00000 0.67800 0.37000 0.04000 0.04000
0.00000 0.67800 0.25600 0.04000 0.04000
0.00000 0.68000 0.13600 0.04000 0.04000
0.00000 0.68000 0.02600 0.04000 0.04000
0.00000 0.67400 0.59400 0.04000 0.04000
0.00000 0.67200 0.71200 0.04000 0.04000
0.00000 0.67000 0.83000 0.04000 0.04000
0.00000 0.67000 0.94400 0.04000 0.04000
0.00000 0.32800 0.93800 0.04000 0.04000
0.00000 0.33000 0.82400 0.04000 0.04000
0.00000 0.33200 0.70800 0.04000 0.04000
0.00000 0.33400 0.59200 0.04000 0.04000
0.00000 0.33800 0.47800 0.04000 0.04000
0.00000 0.33800 0.36400 0.04000 0.04000
0.00000 0.33800 0.24800 0.04000 0.04000
0.00000 0.34000 0.13400 0.04000 0.04000
0.00000 0.34200 0.02200 0.04000 0.04000
1.00000 0.09600 0.01800 0.04000 0.04000
1.00000 0.09000 0.12800 0.04000 0.04000
1.00000 0.09000 0.24400 0.04000 0.04000
1.00000 0.08600 0.36200 0.04000 0.04000
1.00000 0.08800 0.47600 0.04000 0.04000
1.00000 0.08200 0.59000 0.04000 0.04000
1.00000 0.08400 0.70600 0.04000 0.04000
1.00000 0.08000 0.81600 0.04000 0.04000
1.00000 0.08200 0.94000 0.04000 0.04000
1.00000 0.91800 0.94600 0.04000 0.04000
1.00000 0.91800 0.83400 0.04000 0.04000
1.00000 0.92000 0.71600 0.04000 0.04000
1.00000 0.91800 0.60200 0.04000 0.04000
1.00000 0.92400 0.48600 0.04000 0.04000
1.00000 0.92400 0.37000 0.04000 0.04000
1.00000 0.92800 0.25400 0.04000 0.04000
1.00000 0.92400 0.14000 0.04000 0.04000
1.00000 0.92800 0.02600 0.04000 0.04000
