0.00000 0.38200 0.18600 0.04000 0.04000
1.00000 0.18600 0.26800 0.04000 0.04000
3.00000 0.28600 0.33000 0.04000 0.04000
0.00000 0.38600 0.39000 0.04000 0.04000
3.00000 0.29800 0.52400 0.04000 0.04000
0.00000 0.39400 0.58800 0.04000 0.04000
3.00000 0.20800 0.86800 0.04000 0.04000
0.00000 0.39800 0.79200 0.04000 0.04000
3.00000 0.27000 0.98400 0.04000 0.04000
1.00000 0.09800 0.87000 0.04000 0.04000
1.00000 0.09600 0.67000 0.04000 0.04000
1.00000 0.09400 0.47000 0.04000 0.04000
1.00000 0.08600 0.27200 0.04000 0.04000
1.00000 0.07400 0.06400 0.04000 0.04000
3.00000 0.70600 0.27400 0.04000 0.04000
0.00000 0.63600 0.18600 0.04000 0.04000
1.00000 0.82800 0.24600 0.04000 0.04000
1.00000 0.84000 0.64400 0.04000 0.04000
1.00000 0.84800 0.84800 0.04000 0.04000
0.00000 0.64800 0.58800 0.04000 0.04000
0.00000 0.64000 0.38000 0.04000 0.04000
0.00000 0.65600 0.78800 0.04000 0.04000
1.00000 0.94800 0.64200 0.04000 0.04000
1.00000 0.95600 0.84200 0.04000 0.04000
1.00000 0.94000 0.44800 0.04000 0.04000
1.00000 0.93000 0.24600 0.04000 0.04000
1.00000 0.92600 0.04200 0.04000 0.04000
3.00000 0.81000 0.99200 0.04000 0.04000
