0.00000 0.35400 0.41400 0.04000 0.04000
0.00000 0.23800 0.42000 0.04000 0.04000
0.00000 0.74200 0.78800 0.04000 0.04000
0.00000 0.96200 0.54600 0.04000 0.04000
3.00000 0.99000 0.57400 0.04000 0.04000
1.00000 0.84800 0.88800 0.04000 0.04000
0.00000 0.23200 0.30600 0.04000 0.04000
0.00000 0.12200 0.31000 0.04000 0.04000
0.00000 0.11400 0.19600 0.04000 0.04000
1.00000 0.36400 0.65800 0.04000 0.04000
1.00000 0.25400 0.66000 0.04000 0.04000
1.00000 0.24200 0.54600 0.04000 0.04000
1.00000 0.13000 0.55200 0.04000 0.04000
1.00000 0.12400 0.43400 0.04000 0.04000
1.00000 0.01200 0.44200 0.04000 0.04000
0.00000 0.13400 0.68000 0.04000 0.04000
0.00000 0.14200 0.79600 0.04000 0.04000
0.00000 0.25000 0.78800 0.04000 0.04000
0.00000 0.02000 0.68200 0.04000 0.04000
0.00000 0.01400 0.56800 0.04000 0.04000
0.00000 0.58000 0.07400 0.04000 0.04000
0.00000 0.69200 0.07000 0.04000 0.04000
0.00000 0.70000 0.18200 0.04000 0.04000
0.00000 0.81400 0.17600 0.04000 0.04000
0.00000 0.81200 0.05200 0.04000 0.04000
0.00000 0.92600 0.04600 0.04000 0.04000
3.00000 0.92400 0.00600 0.04000 0.04000
3.00000 0.80800 0.00800 0.04000 0.04000
3.00000 0.69200 0.00800 0.04000 0.04000
3.00000 0.57600 0.01400 0.04000 0.04000
