0.00000 0.35200 0.25000 0.04000 0.04000
0.00000 0.28000 0.16000 0.04000 0.04000
0.00000 0.20600 0.07200 0.04000 0.04000
3.00000 0.29400 0.00400 0.04000 0.04000
1.00000 0.47600 0.00600 0.04000 0.04000
1.00000 0.54600 0.09200 0.04000 0.04000
0.00000 0.01800 0.37000 0.04000 0.04000
0.00000 0.09000 0.46000 0.04000 0.04000
3.00000 0.00800 0.52600 0.04000 0.04000
0.00000 0.18400 0.74000 0.04000 0.04000
0.00000 0.29400 0.75000 0.04000 0.04000
0.00000 0.28400 0.87400 0.04000 0.04000
0.00000 0.39800 0.88400 0.04000 0.04000
0.00000 0.05400 0.84400 0.04000 0.04000
3.00000 0.17800 0.79000 0.04000 0.04000
1.00000 0.27000 0.99000 0.04000 0.04000
3.00000 0.38800 0.99200 0.04000 0.04000
0.00000 0.67400 0.57800 0.04000 0.04000
1.00000 0.70000 0.34200 0.04000 0.04000
1.00000 0.81400 0.34800 0.04000 0.04000
1.00000 0.83200 0.22400 0.04000 0.04000
1.00000 0.94200 0.24000 0.04000 0.04000
0.00000 0.91600 0.47800 0.04000 0.04000
0.00000 0.80600 0.46400 0.04000 0.04000
0.00000 0.78400 0.59200 0.04000 0.04000
0.00000 0.77600 0.70400 0.04000 0.04000
0.00000 0.88000 0.83800 0.04000 0.04000
0.00000 0.99200 0.85200 0.04000 0.04000
0.00000 0.98200 0.96600 0.04000 0.04000
1.00000 0.93000 0.35400 0.04000 0.04000
