3.00000 0.74600 0.40400 0.04000 0.04000
0.00000 0.72600 0.39400 0.04000 0.04000
0.00000 0.67400 0.49000 0.04000 0.04000
1.00000 0.89400 0.60200 0.04000 0.04000
1.00000 0.84000 0.70800 0.04000 0.04000
0.00000 0.62200 0.59000 0.04000 0.04000
0.00000 0.56600 0.69400 0.04000 0.04000
1.00000 0.78400 0.80600 0.04000 0.04000
0.00000 0.51200 0.79400 0.04000 0.04000
3.00000 0.55000 0.81400 0.04000 0.04000
0.00000 0.46000 0.89400 0.04000 0.04000
3.00000 0.64000 0.98800 0.04000 0.04000
0.00000 0.14200 0.32800 0.04000 0.04000
1.00000 0.02600 0.54600 0.04000 0.04000
3.00000 0.53400 0.13000 0.04000 0.04000
3.00000 0.42800 0.09200 0.04000 0.04000
3.00000 0.33400 0.02200 0.04000 0.04000
0.00000 0.30600 0.06600 0.04000 0.04000
0.00000 0.40600 0.11600 0.04000 0.04000
0.00000 0.51000 0.17400 0.04000 0.04000
0.00000 0.61400 0.22400 0.04000 0.04000
1.00000 0.73000 0.01000 0.04000 0.04000
1.00000 0.83000 0.06000 0.04000 0.04000
0.00000 0.71400 0.27800 0.04000 0.04000
