3.00000 0.00600 0.62600 0.04000 0.04000
3.00000 0.00600 0.46600 0.04000 0.04000
0.00000 0.11200 0.57200 0.04000 0.04000
0.00000 0.03000 0.65600 0.04000 0.04000
0.00000 0.35200 0.81200 0.04000 0.04000
0.00000 0.27400 0.89000 0.04000 0.04000
0.00000 0.19000 0.97200 0.04000 0.04000
3.00000 0.21000 0.99200 0.04000 0.04000
3.00000 0.37800 0.99200 0.04000 0.04000
1.00000 0.52800 0.97800 0.04000 0.04000
0.00000 0.63200 0.57400 0.04000 0.04000
0.00000 0.62800 0.68600 0.04000 0.04000
0.00000 0.74600 0.56600 0.04000 0.04000
0.00000 0.74800 0.45600 0.04000 0.04000
0.00000 0.86600 0.44800 0.04000 0.04000
0.00000 0.86600 0.34000 0.04000 0.04000
3.00000 0.90400 0.33800 0.04000 0.04000
1.00000 0.87000 0.56800 0.04000 0.04000
1.00000 0.86800 0.68000 0.04000 0.04000
3.00000 0.93000 0.68200 0.04000 0.04000
0.00000 0.75600 0.79600 0.04000 0.04000
0.00000 0.75400 0.68600 0.04000 0.04000
1.00000 0.99200 0.79400 0.04000 0.04000
0.00000 0.39000 0.21400 0.04000 0.04000
0.00000 0.38800 0.10200 0.04000 0.04000
0.00000 0.51000 0.10200 0.04000 0.04000
1.00000 0.14400 0.21600 0.04000 0.04000
1.00000 0.02800 0.10400 0.04000 0.04000
0.00000 0.98000 0.22400 0.04000 0.04000
