0.00000 0.20400 0.95800 0.04000 0.04000
0.00000 0.15000 0.86400 0.04000 0.04000
0.00000 0.24800 0.80200 0.04000 0.04000
0.00000 0.19400 0.70600 0.04000 0.04000
0.00000 0.29000 0.64400 0.04000 0.04000
0.00000 0.23800 0.54600 0.04000 0.04000
0.00000 0.33800 0.48600 0.04000 0.04000
0.00000 0.28600 0.38400 0.04000 0.04000
0.00000 0.38400 0.33200 0.04000 0.04000
0.00000 0.32800 0.23200 0.04000 0.04000
0.00000 0.42600 0.17400 0.04000 0.04000
0.00000 0.37200 0.07400 0.04000 0.04000
0.00000 0.47400 0.01800 0.04000 0.04000
0.00000 0.88000 0.07000 0.04000 0.04000
0.00000 0.93200 0.16800 0.04000 0.04000
0.00000 0.83600 0.22600 0.04000 0.04000
0.00000 0.89200 0.32000 0.04000 0.04000
0.00000 0.79200 0.38000 0.04000 0.04000
0.00000 0.84600 0.47800 0.04000 0.04000
0.00000 0.74800 0.54000 0.04000 0.04000
0.00000 0.80000 0.63000 0.04000 0.04000
0.00000 0.70400 0.69600 0.04000 0.04000
0.00000 0.75800 0.79200 0.04000 0.04000
0.00000 0.66000 0.84800 0.04000 0.04000
0.00000 0.71000 0.94800 0.04000 0.04000
1.00000 0.82600 0.89000 0.04000 0.04000
1.00000 0.87800 0.98600 0.04000 0.04000
1.00000 0.92000 0.83200 0.04000 0.04000
1.00000 0.87200 0.73400 0.04000 0.04000
1.00000 0.96600 0.67400 0.04000 0.04000
1.00000 0.91600 0.57800 0.04000 0.04000
1.00000 0.96000 0.42000 0.04000 0.04000
3.00000 0.91800 0.04400 0.04000 0.04000
1.00000 0.03600 0.91800 0.04000 0.04000
1.00000 0.08000 0.76000 0.04000 0.04000
1.00000 0.02600 0.66000 0.04000 0.04000
1.00000 0.12800 0.60400 0.04000 0.04000
1.00000 0.07200 0.50400 0.04000 0.04000
1.00000 0.17200 0.44600 0.04000 0.04000
1.00000 0.11600 0.34800 0.04000 0.04000
1.00000 0.21600 0.29200 0.04000 0.04000
1.00000 0.16400 0.19200 0.04000 0.04000
1.00000 0.25800 0.13600 0.04000 0.04000
1.00000 0.20800 0.03400 0.04000 0.04000
1.00000 0.09000 0.09000 0.04000 0.04000
