3.00000 0.30600 0.10800 0.04000 0.04000
3.00000 0.68800 0.10000 0.04000 0.04000
1.00000 0.08000 0.49400 0.04000 0.04000
1.00000 0.09000 0.69600 0.04000 0.04000
1.00000 0.09600 0.89800 0.04000 0.04000
1.00000 0.07400 0.29400 0.04000 0.04000
1.00000 0.07000 0.09000 0.04000 0.04000
1.00000 0.17000 0.09800 0.04000 0.04000
1.00000 0.18600 0.49600 0.04000 0.04000
1.00000 0.18800 0.70200 0.04000 0.04000
1.00000 0.19400 0.89600 0.04000 0.04000
0.00000 0.39400 0.81400 0.04000 0.04000
0.00000 0.38600 0.61200 0.04000 0.04000
0.00000 0.38000 0.41400 0.04000 0.04000
0.00000 0.37600 0.21200 0.04000 0.04000
0.00000 0.36600 0.01200 0.04000 0.04000
0.00000 0.62400 0.20600 0.04000 0.04000
0.00000 0.63400 0.40600 0.04000 0.04000
0.00000 0.64400 0.60800 0.04000 0.04000
0.00000 0.64600 0.81200 0.04000 0.04000
1.00000 0.84400 0.87600 0.04000 0.04000
1.00000 0.84000 0.67400 0.04000 0.04000
1.00000 0.82800 0.47000 0.04000 0.04000
1.00000 0.93200 0.27200 0.04000 0.04000
1.00000 0.93800 0.47000 0.04000 0.04000
1.00000 0.94400 0.67400 0.04000 0.04000
1.00000 0.94600 0.87000 0.04000 0.04000
1.00000 0.92400 0.07200 0.04000 0.04000
1.00000 0.82200 0.07200 0.04000 0.04000
3.00000 0.28200 0.98600 0.04000 0.04000
3.00000 0.77800 0.98400 0.04000 0.04000
0.00000 0.62200 0.00600 0.04000 0.04000
