0.00000 0.35200 0.39000 0.04000 0.04000
0.00000 0.28000 0.30200 0.04000 0.04000
0.00000 0.37200 0.22600 0.04000 0.04000
0.00000 0.39200 0.06200 0.04000 0.04000
3.00000 0.30200 0.13200 0.04000 0.04000
1.00000 0.13000 0.12800 0.04000 0.04000
1.00000 0.16400 0.54400 0.04000 0.04000
0.00000 0.26000 0.46800 0.04000 0.04000
0.00000 0.33200 0.55400 0.04000 0.04000
0.00000 0.24000 0.63800 0.04000 0.04000
0.00000 0.31000 0.72600 0.04000 0.04000
0.00000 0.22000 0.80400 0.04000 0.04000
0.00000 0.29000 0.89000 0.04000 0.04000
0.00000 0.20400 0.96600 0.04000 0.04000
1.00000 0.12400 0.88000 0.04000 0.04000
1.00000 0.05200 0.79000 0.04000 0.04000
1.00000 0.14600 0.71000 0.04000 0.04000
1.00000 0.07600 0.62400 0.04000 0.04000
0.00000 0.80200 0.03000 0.04000 0.04000
0.00000 0.87800 0.11600 0.04000 0.04000
0.00000 0.78800 0.19600 0.04000 0.04000
0.00000 0.85600 0.28000 0.04000 0.04000
0.00000 0.76600 0.36200 0.04000 0.04000
0.00000 0.83800 0.44800 0.04000 0.04000
0.00000 0.74800 0.52600 0.04000 0.04000
3.00000 0.85600 0.58800 0.04000 0.04000
3.00000 0.87600 0.42400 0.04000 0.04000
3.00000 0.83200 0.75800 0.04000 0.04000
0.00000 0.72800 0.69000 0.04000 0.04000
0.00000 0.81800 0.61000 0.04000 0.04000
0.00000 0.71000 0.85800 0.04000 0.04000
0.00000 0.80000 0.77600 0.04000 0.04000
1.00000 0.95400 0.21000 0.04000 0.04000
1.00000 0.97800 0.04000 0.04000 0.04000
3.00000 0.98800 0.18200 0.04000 0.04000
1.00000 0.98800 0.62400 0.04000 0.04000
1.00000 0.94600 0.96000 0.04000 0.04000
