3.00000 0.33800 0.18200 0.04000 0.04000
3.00000 0.30000 0.29400 0.04000 0.04000
3.00000 0.31800 0.75800 0.04000 0.04000
3.00000 0.72400 0.76200 0.04000 0.04000
3.00000 0.71000 0.99200 0.04000 0.04000
3.00000 0.33800 0.98400 0.04000 0.04000
0.00000 0.36400 0.98400 0.04000 0.04000
0.00000 0.36000 0.87000 0.04000 0.04000
0.00000 0.36000 0.75200 0.04000 0.04000
0.00000 0.35800 0.64000 0.04000 0.04000
0.00000 0.36000 0.52400 0.04000 0.04000
0.00000 0.36200 0.41000 0.04000 0.04000
0.00000 0.36000 0.29200 0.04000 0.04000
0.00000 0.36400 0.18200 0.04000 0.04000
0.00000 0.35800 0.06600 0.04000 0.04000
0.00000 0.67800 0.06600 0.04000 0.04000
3.00000 0.70000 0.17800 0.04000 0.04000
0.00000 0.67600 0.17600 0.04000 0.04000
0.00000 0.67200 0.29000 0.04000 0.04000
0.00000 0.67400 0.41000 0.04000 0.04000
0.00000 0.67600 0.51800 0.04000 0.04000
0.00000 0.67400 0.63600 0.04000 0.04000
0.00000 0.67400 0.76000 0.04000 0.04000
0.00000 0.67400 0.87600 0.04000 0.04000
0.00000 0.67400 0.99000 0.04000 0.04000
1.00000 0.91800 0.87800 0.04000 0.04000
1.00000 0.92000 0.64200 0.04000 0.04000
1.00000 0.92200 0.52000 0.04000 0.04000
1.00000 0.91800 0.40800 0.04000 0.04000
1.00000 0.91800 0.29200 0.04000 0.04000
1.00000 0.92200 0.06600 0.04000 0.04000
1.00000 0.11200 0.06400 0.04000 0.04000
1.00000 0.11400 0.41000 0.04000 0.04000
1.00000 0.11200 0.52400 0.04000 0.04000
1.00000 0.11200 0.64000 0.04000 0.04000
1.00000 0.11400 0.87000 0.04000 0.04000
