0.00000 0.34400 0.41600 0.04000 0.04000
0.00000 0.36000 0.52200 0.04000 0.04000
0.00000 0.21800 0.43200 0.04000 0.04000
0.00000 0.20000 0.32600 0.04000 0.04000
0.00000 0.25000 0.54600 0.04000 0.04000
0.00000 0.26400 0.65400 0.04000 0.04000
0.00000 0.15400 0.68200 0.04000 0.04000
0.00000 0.17000 0.79200 0.04000 0.04000
0.00000 0.06200 0.81000 0.04000 0.04000
0.00000 0.07600 0.91800 0.04000 0.04000
1.00000 0.02800 0.69800 0.04000 0.04000
1.00000 0.01200 0.58800 0.04000 0.04000
1.00000 0.12400 0.56600 0.04000 0.04000
1.00000 0.10800 0.45400 0.04000 0.04000
3.00000 0.00800 0.35400 0.04000 0.04000
3.00000 0.00600 0.47200 0.04000 0.04000
3.00000 0.00800 0.82000 0.04000 0.04000
3.00000 0.00600 0.93400 0.04000 0.04000
0.00000 0.63400 0.84800 0.04000 0.04000
0.00000 0.64800 0.95800 0.04000 0.04000
0.00000 0.53800 0.98000 0.04000 0.04000
1.00000 0.87200 0.81000 0.04000 0.04000
1.00000 0.89200 0.92000 0.04000 0.04000
1.00000 0.77800 0.94600 0.04000 0.04000
0.00000 0.84400 0.33800 0.04000 0.04000
0.00000 0.57600 0.14400 0.04000 0.04000
1.00000 0.66200 0.03000 0.04000 0.04000
1.00000 0.92800 0.21200 0.04000 0.04000
