0.00000 0.67400 0.64600 0.04000 0.04000
0.00000 0.67600 0.76600 0.04000 0.04000
1.00000 0.92400 0.76600 0.04000 0.04000
1.00000 0.92000 0.65400 0.04000 0.04000
1.00000 0.91800 0.53400 0.04000 0.04000
0.00000 0.67400 0.53000 0.04000 0.04000
0.00000 0.67000 0.41400 0.04000 0.04000
1.00000 0.91600 0.41400 0.04000 0.04000
1.00000 0.91800 0.30000 0.04000 0.04000
3.00000 0.69400 0.19000 0.04000 0.04000
3.00000 0.31000 0.19200 0.04000 0.04000
0.00000 0.36200 0.88400 0.04000 0.04000
1.00000 0.11200 0.88400 0.04000 0.04000
1.00000 0.11000 0.76800 0.04000 0.04000
3.00000 0.30600 0.65400 0.04000 0.04000
0.00000 0.36200 0.65000 0.04000 0.04000
0.00000 0.36200 0.76400 0.04000 0.04000
0.00000 0.35600 0.53800 0.04000 0.04000
1.00000 0.10600 0.54000 0.04000 0.04000
0.00000 0.35800 0.42400 0.04000 0.04000
0.00000 0.35800 0.31000 0.04000 0.04000
0.00000 0.36000 0.19000 0.04000 0.04000
0.00000 0.35600 0.08000 0.04000 0.04000
1.00000 0.11000 0.08400 0.04000 0.04000
0.00000 0.67200 0.07400 0.04000 0.04000
0.00000 0.66600 0.18600 0.04000 0.04000
0.00000 0.67000 0.30200 0.04000 0.04000
1.00000 0.91600 0.07200 0.04000 0.04000
1.00000 0.10800 0.31200 0.04000 0.04000
1.00000 0.11000 0.42600 0.04000 0.04000
0.00000 0.67200 0.88000 0.04000 0.04000
3.00000 0.69400 0.88000 0.04000 0.04000
