0.00000 0.27800 0.10600 0.04000 0.04000
0.00000 0.29000 0.27400 0.04000 0.04000
0.00000 0.21600 0.36800 0.04000 0.04000
0.00000 0.30200 0.43600 0.04000 0.04000
0.00000 0.23000 0.53600 0.04000 0.04000
0.00000 0.31600 0.60200 0.04000 0.04000
0.00000 0.24200 0.70000 0.04000 0.04000
0.00000 0.33000 0.77200 0.04000 0.04000
0.00000 0.25800 0.87000 0.04000 0.04000
0.00000 0.33800 0.94000 0.04000 0.04000
3.00000 0.29600 0.99200 0.04000 0.04000
1.00000 0.17600 0.95800 0.04000 0.04000
1.00000 0.08600 0.89000 0.04000 0.04000
1.00000 0.16200 0.79000 0.04000 0.04000
1.00000 0.08000 0.71800 0.04000 0.04000
1.00000 0.14800 0.62000 0.04000 0.04000
3.00000 0.19600 0.38400 0.04000 0.04000
0.00000 0.82000 0.73000 0.04000 0.04000
0.00000 0.74800 0.82200 0.04000 0.04000
0.00000 0.73200 0.66000 0.04000 0.04000
3.00000 0.83600 0.53200 0.04000 0.04000
3.00000 0.82600 0.36000 0.04000 0.04000
0.00000 0.80400 0.56200 0.04000 0.04000
0.00000 0.72000 0.49000 0.04000 0.04000
0.00000 0.79200 0.39600 0.04000 0.04000
0.00000 0.70400 0.32800 0.04000 0.04000
0.00000 0.77800 0.23000 0.04000 0.04000
0.00000 0.69200 0.16200 0.04000 0.04000
0.00000 0.76400 0.06400 0.04000 0.04000
1.00000 0.85800 0.13600 0.04000 0.04000
1.00000 0.93600 0.04000 0.04000 0.04000
0.00000 0.75800 0.99000 0.04000 0.04000
0.00000 0.83400 0.89800 0.04000 0.04000
3.00000 0.82000 0.00600 0.04000 0.04000
3.00000 0.96200 0.37600 0.04000 0.04000
1.00000 0.03200 0.22200 0.04000 0.04000
