0.00000 0.10800 0.12000 0.04000 0.04000
0.00000 0.06800 0.31200 0.04000 0.04000
0.00000 0.02800 0.51000 0.04000 0.04000
3.00000 0.00600 0.37200 0.04000 0.04000
3.00000 0.00600 0.21600 0.04000 0.04000
0.00000 0.81600 0.37000 0.04000 0.04000
0.00000 0.87400 0.46600 0.04000 0.04000
0.00000 0.78200 0.53200 0.04000 0.04000
0.00000 0.84400 0.62400 0.04000 0.04000
0.00000 0.75000 0.69200 0.04000 0.04000
0.00000 0.81000 0.77800 0.04000 0.04000
0.00000 0.71600 0.85200 0.04000 0.04000
0.00000 0.78000 0.94600 0.04000 0.04000
1.00000 0.88800 0.88200 0.04000 0.04000
1.00000 0.98200 0.81200 0.04000 0.04000
1.00000 0.92200 0.72000 0.04000 0.04000
1.00000 0.95600 0.56000 0.04000 0.04000
1.00000 0.98600 0.39600 0.04000 0.04000
3.00000 0.99200 0.25000 0.04000 0.04000
3.00000 0.99200 0.52800 0.04000 0.04000
3.00000 0.99000 0.66800 0.04000 0.04000
1.00000 0.94800 0.96800 0.04000 0.04000
