0.00000 0.60600 0.44200 0.04000 0.04000
0.00000 0.70600 0.49200 0.04000 0.04000
1.00000 0.81600 0.27000 0.04000 0.04000
1.00000 0.71400 0.23000 0.04000 0.04000
3.00000 0.41400 0.31000 0.04000 0.04000
0.00000 0.40000 0.34200 0.04000 0.04000
3.00000 0.31800 0.24600 0.04000 0.04000
0.00000 0.29400 0.29400 0.04000 0.04000
0.00000 0.19400 0.23800 0.04000 0.04000
1.00000 0.30000 0.01600 0.04000 0.04000
0.00000 0.13400 0.56200 0.04000 0.04000
1.00000 0.03000 0.77800 0.04000 0.04000
0.00000 0.72000 0.60800 0.04000 0.04000
0.00000 0.67000 0.70400 0.04000 0.04000
0.00000 0.62200 0.80600 0.04000 0.04000
0.00000 0.57000 0.91000 0.04000 0.04000
3.00000 0.73400 0.98800 0.04000 0.04000
