3.00000 0.34200 0.12000 0.04000 0.04000
3.00000 0.71400 0.82400 0.04000 0.04000
1.00000 0.91200 0.94000 0.04000 0.04000
1.00000 0.91400 0.71000 0.04000 0.04000
1.00000 0.91600 0.59400 0.04000 0.04000
1.00000 0.91800 0.47200 0.04000 0.04000
1.00000 0.92200 0.24000 0.04000 0.04000
1.00000 0.92600 0.12400 0.04000 0.04000
0.00000 0.68200 0.00800 0.04000 0.04000
0.00000 0.67800 0.12200 0.04000 0.04000
0.00000 0.67800 0.23600 0.04000 0.04000
0.00000 0.67800 0.34800 0.04000 0.04000
0.00000 0.67400 0.46600 0.04000 0.04000
0.00000 0.67000 0.59000 0.04000 0.04000
0.00000 0.67000 0.70600 0.04000 0.04000
0.00000 0.66800 0.81600 0.04000 0.04000
0.00000 0.66600 0.93000 0.04000 0.04000
3.00000 0.31800 0.81200 0.04000 0.04000
0.00000 0.35000 0.92000 0.04000 0.04000
0.00000 0.35400 0.81000 0.04000 0.04000
0.00000 0.35600 0.69400 0.04000 0.04000
0.00000 0.36000 0.58000 0.04000 0.04000
0.00000 0.36000 0.46600 0.04000 0.04000
0.00000 0.36400 0.35000 0.04000 0.04000
0.00000 0.36600 0.23200 0.04000 0.04000
1.00000 0.11600 0.23400 0.04000 0.04000
1.00000 0.11400 0.34600 0.04000 0.04000
1.00000 0.11000 0.45600 0.04000 0.04000
1.00000 0.11000 0.57600 0.04000 0.04000
1.00000 0.10800 0.68600 0.04000 0.04000
1.00000 0.10800 0.92000 0.04000 0.04000
