1.00000 0.10600 0.49800 0.04000 0.04000
1.00000 0.08800 0.61200 0.04000 0.04000
1.00000 0.07000 0.72600 0.04000 0.04000
1.00000 0.05000 0.83800 0.04000 0.04000
1.00000 0.03200 0.95000 0.04000 0.04000
0.00000 0.29200 0.87800 0.04000 0.04000
0.00000 0.31200 0.77000 0.04000 0.04000
0.00000 0.33000 0.65400 0.04000 0.04000
0.00000 0.35000 0.54400 0.04000 0.04000
0.00000 0.68600 0.60200 0.04000 0.04000
0.00000 0.66600 0.71200 0.04000 0.04000
0.00000 0.64600 0.82600 0.04000 0.04000
0.00000 0.62800 0.93800 0.04000 0.04000
1.00000 0.89000 0.87000 0.04000 0.04000
1.00000 0.91000 0.75600 0.04000 0.04000
1.00000 0.93200 0.64400 0.04000 0.04000
1.00000 0.87200 0.98000 0.04000 0.04000
0.00000 0.27000 0.99200 0.04000 0.04000
