0.00000 0.67200 0.56000 0.04000 0.04000
0.00000 0.77200 0.50800 0.04000 0.04000
0.00000 0.46800 0.21000 0.04000 0.04000
0.00000 0.36000 0.17800 0.04000 0.04000
0.00000 0.24600 0.15200 0.04000 0.04000
0.00000 0.13600 0.11600 0.04000 0.04000
1.00000 0.06800 0.35600 0.04000 0.04000
1.00000 0.18000 0.38600 0.04000 0.04000
1.00000 0.29000 0.42000 0.04000 0.04000
1.00000 0.40000 0.44600 0.04000 0.04000
0.00000 0.33400 0.69000 0.04000 0.04000
0.00000 0.23000 0.65800 0.04000 0.04000
0.00000 0.11600 0.62600 0.04000 0.04000
0.00000 0.00600 0.59400 0.04000 0.04000
0.00000 0.02800 0.08800 0.04000 0.04000
3.00000 0.00800 0.15400 0.04000 0.04000
0.00000 0.71000 0.39600 0.04000 0.04000
0.00000 0.81200 0.34000 0.04000 0.04000
0.00000 0.87000 0.44000 0.04000 0.04000
1.00000 0.92600 0.54600 0.04000 0.04000
1.00000 0.83000 0.60400 0.04000 0.04000
1.00000 0.88800 0.71400 0.04000 0.04000
1.00000 0.78600 0.76800 0.04000 0.04000
