0.00000 0.31200 0.13600 0.04000 0.04000
0.00000 0.24600 0.23800 0.04000 0.04000
0.00000 0.34200 0.30000 0.04000 0.04000
0.00000 0.36400 0.46600 0.04000 0.04000
0.00000 0.39400 0.62800 0.04000 0.04000
0.00000 0.42200 0.79200 0.04000 0.04000
0.00000 0.35400 0.89400 0.04000 0.04000
0.00000 0.44800 0.95600 0.04000 0.04000
3.00000 0.42400 0.99200 0.04000 0.04000
3.00000 0.26600 0.40600 0.04000 0.04000
1.00000 0.10800 0.43800 0.04000 0.04000
3.00000 0.08600 0.46200 0.04000 0.04000
1.00000 0.17200 0.33800 0.04000 0.04000
0.00000 0.74200 0.15200 0.04000 0.04000
0.00000 0.82800 0.21200 0.04000 0.04000
0.00000 0.76400 0.31800 0.04000 0.04000
0.00000 0.85600 0.37800 0.04000 0.04000
0.00000 0.79000 0.48200 0.04000 0.04000
0.00000 0.81800 0.64400 0.04000 0.04000
0.00000 0.90800 0.70800 0.04000 0.04000
0.00000 0.84600 0.80400 0.04000 0.04000
0.00000 0.86600 0.97000 0.04000 0.04000
0.00000 0.93400 0.87400 0.04000 0.04000
1.00000 0.98000 0.61000 0.04000 0.04000
0.00000 0.88200 0.54600 0.04000 0.04000
1.00000 0.93000 0.28400 0.04000 0.04000
1.00000 0.99200 0.17800 0.04000 0.04000
1.00000 0.90400 0.12000 0.04000 0.04000
0.00000 0.80400 0.04400 0.04000 0.04000
0.00000 0.30000 0.56600 0.04000 0.04000
0.00000 0.33000 0.73200 0.04000 0.04000
1.00000 0.25600 0.82800 0.04000 0.04000
1.00000 0.19200 0.92600 0.04000 0.04000
1.00000 0.28200 0.98800 0.04000 0.04000
3.00000 0.25600 0.63000 0.04000 0.04000
1.00000 0.09200 0.86000 0.04000 0.04000
