1.00000 0.19400 0.75200 0.04000 0.04000
1.00000 0.09400 0.74800 0.04000 0.04000
1.00000 0.08400 0.94600 0.04000 0.04000
1.00000 0.10800 0.54200 0.04000 0.04000
1.00000 0.11600 0.34600 0.04000 0.04000
1.00000 0.12800 0.14000 0.04000 0.04000
1.00000 0.22200 0.15000 0.04000 0.04000
1.00000 0.84800 0.38400 0.04000 0.04000
1.00000 0.86000 0.18200 0.04000 0.04000
1.00000 0.83000 0.78200 0.04000 0.04000
0.00000 0.62800 0.84800 0.04000 0.04000
0.00000 0.38600 0.83600 0.04000 0.04000
0.00000 0.63800 0.65000 0.04000 0.04000
0.00000 0.64800 0.45200 0.04000 0.04000
0.00000 0.65800 0.24800 0.04000 0.04000
0.00000 0.42400 0.03800 0.04000 0.04000
0.00000 0.41800 0.23000 0.04000 0.04000
3.00000 0.27200 0.00800 0.04000 0.04000
3.00000 0.40800 0.00800 0.04000 0.04000
3.00000 0.70600 0.74600 0.04000 0.04000
1.00000 0.94200 0.58600 0.04000 0.04000
1.00000 0.93200 0.78600 0.04000 0.04000
1.00000 0.94800 0.38800 0.04000 0.04000
1.00000 0.95800 0.18200 0.04000 0.04000
0.00000 0.39800 0.63800 0.04000 0.04000
0.00000 0.40800 0.43200 0.04000 0.04000
