0.00000 0.34200 0.56800 0.04000 0.04000
0.00000 0.35200 0.67800 0.04000 0.04000
3.00000 0.30000 0.68200 0.04000 0.04000
3.00000 0.31800 0.79600 0.04000 0.04000
0.00000 0.36200 0.91200 0.04000 0.04000
0.00000 0.35400 0.79800 0.04000 0.04000
0.00000 0.65400 0.55600 0.04000 0.04000
0.00000 0.66800 0.71400 0.04000 0.04000
0.00000 0.68000 0.88000 0.04000 0.04000
1.00000 0.92000 0.86600 0.04000 0.04000
1.00000 0.91200 0.70600 0.04000 0.04000
1.00000 0.90200 0.54000 0.04000 0.04000
1.00000 0.09400 0.58600 0.04000 0.04000
1.00000 0.10000 0.69600 0.04000 0.04000
1.00000 0.11000 0.92200 0.04000 0.04000
1.00000 0.93000 0.98800 0.04000 0.04000
