0.00000 0.69400 0.52200 0.04000 0.04000
0.00000 0.77200 0.33800 0.04000 0.04000
0.00000 0.85400 0.15000 0.04000 0.04000
1.00000 0.92000 0.48000 0.04000 0.04000
3.00000 0.80200 0.48200 0.04000 0.04000
1.00000 0.76000 0.83800 0.04000 0.04000
1.00000 0.85600 0.88800 0.04000 0.04000
1.00000 0.93200 0.70600 0.04000 0.04000
1.00000 0.17000 0.59000 0.04000 0.04000
3.00000 0.43200 0.30000 0.04000 0.04000
3.00000 0.48000 0.12800 0.04000 0.04000
1.00000 0.14800 0.36400 0.04000 0.04000
1.00000 0.07400 0.54600 0.04000 0.04000
1.00000 0.23000 0.17600 0.04000 0.04000
0.00000 0.08400 0.04000 0.04000 0.04000
0.00000 0.53800 0.23000 0.04000 0.04000
0.00000 0.61600 0.04800 0.04000 0.04000
