3.00000 0.67600 0.47800 0.04000 0.04000
3.00000 0.27000 0.62600 0.04000 0.04000
3.00000 0.27200 0.39000 0.04000 0.04000
0.00000 0.36400 0.32200 0.04000 0.04000
0.00000 0.38000 0.12200 0.04000 0.04000
3.00000 0.31800 0.01000 0.04000 0.04000
1.00000 0.19000 0.02600 0.04000 0.04000
1.00000 0.13400 0.62800 0.04000 0.04000
0.00000 0.30400 0.92200 0.04000 0.04000
1.00000 0.02200 0.81800 0.04000 0.04000
1.00000 0.04000 0.62000 0.04000 0.04000
1.00000 0.06000 0.41800 0.04000 0.04000
1.00000 0.07800 0.21800 0.04000 0.04000
0.00000 0.61200 0.55200 0.04000 0.04000
0.00000 0.58800 0.75600 0.04000 0.04000
0.00000 0.56800 0.95600 0.04000 0.04000
3.00000 0.65200 0.86000 0.04000 0.04000
1.00000 0.82000 0.49400 0.04000 0.04000
0.00000 0.65000 0.15200 0.04000 0.04000
3.00000 0.77000 0.01200 0.04000 0.04000
1.00000 0.85800 0.09200 0.04000 0.04000
