0.00000 0.07400 0.64400 0.04000 0.04000
0.00000 0.01000 0.55200 0.04000 0.04000
0.00000 0.11200 0.47200 0.04000 0.04000
0.00000 0.05000 0.38200 0.04000 0.04000
0.00000 0.14400 0.30800 0.04000 0.04000
0.00000 0.08000 0.21800 0.04000 0.04000
0.00000 0.17800 0.14800 0.04000 0.04000
0.00000 0.87800 0.70000 0.04000 0.04000
3.00000 0.95600 0.86000 0.04000 0.04000
0.00000 0.84200 0.89600 0.04000 0.04000
3.00000 0.89000 0.99200 0.04000 0.04000
0.00000 0.90800 0.50000 0.04000 0.04000
3.00000 0.99200 0.68000 0.04000 0.04000
0.00000 0.93600 0.30800 0.04000 0.04000
3.00000 0.99000 0.41400 0.04000 0.04000
0.00000 0.96600 0.10600 0.04000 0.04000
3.00000 0.99000 0.16000 0.04000 0.04000
3.00000 0.00600 0.26600 0.04000 0.04000
3.00000 0.00800 0.41000 0.04000 0.04000
