1.00000 0.16600 0.70800 0.04000 0.04000
1.00000 0.07000 0.70000 0.04000 0.04000
1.00000 0.06400 0.50000 0.04000 0.04000
1.00000 0.06800 0.30200 0.04000 0.04000
1.00000 0.06600 0.09600 0.04000 0.04000
1.00000 0.16200 0.10200 0.04000 0.04000
1.00000 0.16000 0.30400 0.04000 0.04000
1.00000 0.16000 0.50200 0.04000 0.04000
1.00000 0.80400 0.09600 0.04000 0.04000
1.00000 0.80400 0.29800 0.04000 0.04000
1.00000 0.80600 0.49200 0.04000 0.04000
1.00000 0.80600 0.69400 0.04000 0.04000
1.00000 0.89800 0.70400 0.04000 0.04000
1.00000 0.90000 0.50200 0.04000 0.04000
1.00000 0.89800 0.29800 0.04000 0.04000
1.00000 0.89600 0.09800 0.04000 0.04000
0.00000 0.59800 0.18200 0.04000 0.04000
0.00000 0.59800 0.38400 0.04000 0.04000
0.00000 0.59800 0.58400 0.04000 0.04000
0.00000 0.60000 0.78400 0.04000 0.04000
0.00000 0.60200 0.98400 0.04000 0.04000
0.00000 0.36200 0.98200 0.04000 0.04000
0.00000 0.36200 0.78200 0.04000 0.04000
0.00000 0.36000 0.57600 0.04000 0.04000
0.00000 0.36200 0.38000 0.04000 0.04000
0.00000 0.36200 0.18000 0.04000 0.04000
