0.00000 0.03800 0.52600 0.04000 0.04000
3.00000 0.00600 0.60200 0.04000 0.04000
0.00000 0.07800 0.72400 0.04000 0.04000
3.00000 0.02000 0.85600 0.04000 0.04000
0.00000 0.11600 0.91800 0.04000 0.04000
3.00000 0.08600 0.99200 0.04000 0.04000
0.00000 0.85200 0.78000 0.04000 0.04000
0.00000 0.94800 0.83800 0.04000 0.04000
0.00000 0.87600 0.94000 0.04000 0.04000
0.00000 0.91000 0.68000 0.04000 0.04000
0.00000 0.81600 0.62000 0.04000 0.04000
0.00000 0.87800 0.52200 0.04000 0.04000
0.00000 0.78000 0.45800 0.04000 0.04000
0.00000 0.84400 0.36000 0.04000 0.04000
0.00000 0.74800 0.29600 0.04000 0.04000
0.00000 0.81200 0.20200 0.04000 0.04000
0.00000 0.71800 0.13400 0.04000 0.04000
0.00000 0.77600 0.04200 0.04000 0.04000
1.00000 0.88400 0.09400 0.04000 0.04000
1.00000 0.97800 0.15600 0.04000 0.04000
1.00000 0.91800 0.25400 0.04000 0.04000
1.00000 0.98400 0.57400 0.04000 0.04000
1.00000 0.94800 0.41400 0.04000 0.04000
3.00000 0.99200 0.34600 0.04000 0.04000
3.00000 0.94200 0.00600 0.04000 0.04000
3.00000 0.80600 0.00400 0.04000 0.04000
3.00000 0.99000 0.76800 0.04000 0.04000
