0.00000 0.38000 0.39200 0.04000 0.04000
0.00000 0.29600 0.32000 0.04000 0.04000
0.00000 0.20600 0.40600 0.04000 0.04000
0.00000 0.12400 0.33200 0.04000 0.04000
0.00000 0.30400 0.48200 0.04000 0.04000
0.00000 0.38200 0.55800 0.04000 0.04000
0.00000 0.30800 0.64400 0.04000 0.04000
0.00000 0.39200 0.71600 0.04000 0.04000
0.00000 0.31800 0.80800 0.04000 0.04000
0.00000 0.39800 0.88000 0.04000 0.04000
0.00000 0.32600 0.96800 0.04000 0.04000
1.00000 0.22600 0.89600 0.04000 0.04000
1.00000 0.14400 0.82400 0.04000 0.04000
1.00000 0.21800 0.73600 0.04000 0.04000
1.00000 0.14000 0.66200 0.04000 0.04000
1.00000 0.21000 0.57200 0.04000 0.04000
1.00000 0.13200 0.49400 0.04000 0.04000
1.00000 0.04200 0.58600 0.04000 0.04000
1.00000 0.15000 0.98200 0.04000 0.04000
0.00000 0.62400 0.76600 0.04000 0.04000
0.00000 0.61000 0.44000 0.04000 0.04000
0.00000 0.59800 0.11400 0.04000 0.04000
1.00000 0.74400 0.10600 0.04000 0.04000
1.00000 0.75400 0.42800 0.04000 0.04000
1.00000 0.77000 0.75800 0.04000 0.04000
