3.00000 0.28400 0.40200 0.04000 0.04000
3.00000 0.32000 0.74200 0.04000 0.04000
3.00000 0.29200 0.85800 0.04000 0.04000
3.00000 0.75000 0.72600 0.04000 0.04000
1.00000 0.91400 0.83800 0.04000 0.04000
1.00000 0.11600 0.97600 0.04000 0.04000
1.00000 0.10000 0.63200 0.04000 0.04000
1.00000 0.09600 0.52000 0.04000 0.04000
0.00000 0.34200 0.50600 0.04000 0.04000
0.00000 0.34000 0.39600 0.04000 0.04000
0.00000 0.35000 0.62000 0.04000 0.04000
0.00000 0.35200 0.74400 0.04000 0.04000
0.00000 0.35400 0.85000 0.04000 0.04000
0.00000 0.36200 0.96800 0.04000 0.04000
0.00000 0.66800 0.84400 0.04000 0.04000
0.00000 0.66600 0.73000 0.04000 0.04000
0.00000 0.66400 0.61200 0.04000 0.04000
0.00000 0.65600 0.49800 0.04000 0.04000
3.00000 0.69600 0.38000 0.04000 0.04000
0.00000 0.65400 0.38600 0.04000 0.04000
1.00000 0.90600 0.49000 0.04000 0.04000
1.00000 0.90800 0.60800 0.04000 0.04000
