3.00000 0.34200 0.49200 0.04000 0.04000
3.00000 0.73800 0.33000 0.04000 0.04000
3.00000 0.75000 0.53800 0.04000 0.04000
1.00000 0.84800 0.27400 0.04000 0.04000
1.00000 0.86600 0.87800 0.04000 0.04000
0.00000 0.66600 0.80800 0.04000 0.04000
0.00000 0.65800 0.60600 0.04000 0.04000
0.00000 0.65400 0.41000 0.04000 0.04000
0.00000 0.65000 0.20600 0.04000 0.04000
0.00000 0.39600 0.20400 0.04000 0.04000
0.00000 0.39800 0.41000 0.04000 0.04000
0.00000 0.39200 0.00800 0.04000 0.04000
3.00000 0.32400 0.10200 0.04000 0.04000
1.00000 0.09200 0.08600 0.04000 0.04000
1.00000 0.09600 0.29200 0.04000 0.04000
1.00000 0.10200 0.49200 0.04000 0.04000
1.00000 0.10600 0.69800 0.04000 0.04000
1.00000 0.10800 0.89200 0.04000 0.04000
1.00000 0.21200 0.89200 0.04000 0.04000
0.00000 0.40800 0.81400 0.04000 0.04000
1.00000 0.20600 0.48600 0.04000 0.04000
3.00000 0.80000 0.98600 0.04000 0.04000
1.00000 0.96200 0.87400 0.04000 0.04000
1.00000 0.96000 0.67000 0.04000 0.04000
1.00000 0.95200 0.47400 0.04000 0.04000
1.00000 0.94600 0.26800 0.04000 0.04000
1.00000 0.94200 0.07600 0.04000 0.04000
0.00000 0.64600 0.00800 0.04000 0.04000
