0.00000 0.10200 0.24000 0.04000 0.04000
0.00000 0.10600 0.03400 0.04000 0.04000
3.00000 0.00600 0.17400 0.04000 0.04000
3.00000 0.06200 0.29400 0.04000 0.04000
0.00000 0.10000 0.44000 0.04000 0.04000
3.00000 0.03200 0.53800 0.04000 0.04000
0.00000 0.10200 0.64200 0.04000 0.04000
3.00000 0.00600 0.78000 0.04000 0.04000
0.00000 0.10000 0.84400 0.04000 0.04000
3.00000 0.01000 0.97200 0.04000 0.04000
0.00000 0.91600 0.05800 0.04000 0.04000
0.00000 0.83400 0.14600 0.04000 0.04000
0.00000 0.91200 0.22800 0.04000 0.04000
0.00000 0.83000 0.31000 0.04000 0.04000
0.00000 0.91000 0.39000 0.04000 0.04000
0.00000 0.82800 0.47600 0.04000 0.04000
3.00000 0.92400 0.54200 0.04000 0.04000
0.00000 0.90600 0.56000 0.04000 0.04000
0.00000 0.82600 0.64200 0.04000 0.04000
0.00000 0.82000 0.81000 0.04000 0.04000
0.00000 0.90000 0.88800 0.04000 0.04000
3.00000 0.99000 0.31400 0.04000 0.04000
3.00000 0.99200 0.15200 0.04000 0.04000
3.00000 0.97400 0.00800 0.04000 0.04000
1.00000 0.98600 0.80000 0.04000 0.04000
