0.00000 0.30000 0.97400 0.04000 0.04000
0.00000 0.30400 0.86400 0.04000 0.04000
0.00000 0.30800 0.74800 0.04000 0.04000
0.00000 0.31400 0.63200 0.04000 0.04000
0.00000 0.31600 0.51600 0.04000 0.04000
0.00000 0.32200 0.40200 0.04000 0.04000
0.00000 0.32600 0.28800 0.04000 0.04000
0.00000 0.32800 0.17400 0.04000 0.04000
0.00000 0.33600 0.06200 0.04000 0.04000
0.00000 0.67000 0.06600 0.04000 0.04000
0.00000 0.66800 0.18400 0.04000 0.04000
0.00000 0.66400 0.29800 0.04000 0.04000
0.00000 0.65800 0.41000 0.04000 0.04000
0.00000 0.65800 0.52600 0.04000 0.04000
0.00000 0.65200 0.64200 0.04000 0.04000
0.00000 0.65000 0.75800 0.04000 0.04000
0.00000 0.64600 0.87000 0.04000 0.04000
1.00000 0.89200 0.88200 0.04000 0.04000
1.00000 0.89600 0.76800 0.04000 0.04000
1.00000 0.90000 0.65000 0.04000 0.04000
1.00000 0.90600 0.53400 0.04000 0.04000
1.00000 0.90800 0.42400 0.04000 0.04000
1.00000 0.91400 0.30600 0.04000 0.04000
1.00000 0.91800 0.19200 0.04000 0.04000
1.00000 0.92200 0.07600 0.04000 0.04000
1.00000 0.08800 0.04600 0.04000 0.04000
1.00000 0.07800 0.16000 0.04000 0.04000
1.00000 0.07600 0.27800 0.04000 0.04000
1.00000 0.07200 0.39600 0.04000 0.04000
1.00000 0.06800 0.50400 0.04000 0.04000
1.00000 0.06200 0.62400 0.04000 0.04000
1.00000 0.06000 0.73400 0.04000 0.04000
1.00000 0.05600 0.85000 0.04000 0.04000
1.00000 0.05200 0.96800 0.04000 0.04000
