0.00000 0.36800 0.71400 0.04000 0.04000
0.00000 0.36400 0.51000 0.04000 0.04000
0.00000 0.35400 0.31000 0.04000 0.04000
0.00000 0.34600 0.11000 0.04000 0.04000
0.00000 0.58600 0.10400 0.04000 0.04000
0.00000 0.59400 0.30600 0.04000 0.04000
0.00000 0.60200 0.50200 0.04000 0.04000
0.00000 0.60800 0.70400 0.04000 0.04000
1.00000 0.80200 0.41600 0.04000 0.04000
1.00000 0.79600 0.21400 0.04000 0.04000
1.00000 0.79000 0.01400 0.04000 0.04000
1.00000 0.88400 0.01400 0.04000 0.04000
1.00000 0.89000 0.21600 0.04000 0.04000
1.00000 0.89600 0.41200 0.04000 0.04000
1.00000 0.16200 0.44000 0.04000 0.04000
1.00000 0.15600 0.24200 0.04000 0.04000
1.00000 0.15000 0.03800 0.04000 0.04000
1.00000 0.05400 0.03800 0.04000 0.04000
1.00000 0.06000 0.24000 0.04000 0.04000
1.00000 0.06400 0.43600 0.04000 0.04000
