1.00000 0.17400 0.85600 0.04000 0.04000
1.00000 0.16600 0.65400 0.04000 0.04000
1.00000 0.16000 0.45800 0.04000 0.04000
1.00000 0.15200 0.25800 0.04000 0.04000
1.00000 0.15000 0.05200 0.04000 0.04000
0.00000 0.36600 0.57000 0.04000 0.04000
0.00000 0.36000 0.36800 0.04000 0.04000
0.00000 0.35600 0.16400 0.04000 0.04000
0.00000 0.60800 0.16200 0.04000 0.04000
0.00000 0.61600 0.36000 0.04000 0.04000
0.00000 0.62200 0.56200 0.04000 0.04000
1.00000 0.82800 0.83200 0.04000 0.04000
1.00000 0.82000 0.63200 0.04000 0.04000
1.00000 0.81400 0.43200 0.04000 0.04000
1.00000 0.80800 0.22800 0.04000 0.04000
1.00000 0.80200 0.03200 0.04000 0.04000
1.00000 0.89600 0.03400 0.04000 0.04000
1.00000 0.90400 0.22800 0.04000 0.04000
1.00000 0.91200 0.43200 0.04000 0.04000
1.00000 0.91600 0.63000 0.04000 0.04000
1.00000 0.92600 0.82800 0.04000 0.04000
0.00000 0.62800 0.76600 0.04000 0.04000
0.00000 0.63400 0.96400 0.04000 0.04000
0.00000 0.38000 0.97000 0.04000 0.04000
0.00000 0.37600 0.77000 0.04000 0.04000
3.00000 0.23200 0.98800 0.04000 0.04000
3.00000 0.36600 0.99200 0.04000 0.04000
1.00000 0.05400 0.05600 0.04000 0.04000
1.00000 0.06200 0.25400 0.04000 0.04000
1.00000 0.06400 0.45400 0.04000 0.04000
1.00000 0.07400 0.65600 0.04000 0.04000
1.00000 0.08000 0.85800 0.04000 0.04000
