0.00000 0.77000 0.19200 0.04000 0.04000
0.00000 0.68800 0.11600 0.04000 0.04000
0.00000 0.76000 0.03000 0.04000 0.04000
0.00000 0.70000 0.28000 0.04000 0.04000
0.00000 0.78200 0.35800 0.04000 0.04000
0.00000 0.70800 0.44400 0.04000 0.04000
0.00000 0.79000 0.51800 0.04000 0.04000
0.00000 0.72000 0.60800 0.04000 0.04000
0.00000 0.80000 0.68200 0.04000 0.04000
0.00000 0.72800 0.77600 0.04000 0.04000
0.00000 0.81000 0.85000 0.04000 0.04000
0.00000 0.73000 0.94400 0.04000 0.04000
3.00000 0.18600 0.49800 0.04000 0.04000
3.00000 0.19000 0.66800 0.04000 0.04000
1.00000 0.86000 0.10000 0.04000 0.04000
1.00000 0.94600 0.17200 0.04000 0.04000
1.00000 0.86800 0.26400 0.04000 0.04000
1.00000 0.95200 0.33400 0.04000 0.04000
1.00000 0.87800 0.42800 0.04000 0.04000
1.00000 0.96600 0.50200 0.04000 0.04000
1.00000 0.88800 0.59200 0.04000 0.04000
1.00000 0.97000 0.66400 0.04000 0.04000
1.00000 0.93400 0.01200 0.04000 0.04000
1.00000 0.97400 0.83800 0.04000 0.04000
1.00000 0.89800 0.93000 0.04000 0.04000
3.00000 0.21400 0.99000 0.04000 0.04000
0.00000 0.23400 0.96600 0.04000 0.04000
0.00000 0.30800 0.88000 0.04000 0.04000
0.00000 0.22600 0.80800 0.04000 0.04000
1.00000 0.07000 0.98400 0.04000 0.04000
0.00000 0.30200 0.71600 0.04000 0.04000
0.00000 0.21800 0.63800 0.04000 0.04000
0.00000 0.29600 0.54400 0.04000 0.04000
0.00000 0.21400 0.47200 0.04000 0.04000
0.00000 0.29000 0.37800 0.04000 0.04000
0.00000 0.20400 0.30400 0.04000 0.04000
0.00000 0.28200 0.20600 0.04000 0.04000
0.00000 0.19800 0.13800 0.04000 0.04000
0.00000 0.27200 0.05000 0.04000 0.04000
0.00000 0.10200 0.06800 0.04000 0.04000
1.00000 0.02800 0.15600 0.04000 0.04000
1.00000 0.11200 0.23000 0.04000 0.04000
1.00000 0.12200 0.39400 0.04000 0.04000
1.00000 0.03600 0.32000 0.04000 0.04000
1.00000 0.04800 0.48600 0.04000 0.04000
