0.00000 0.33600 0.95400 0.04000 0.04000
0.00000 0.33600 0.84200 0.04000 0.04000
0.00000 0.34000 0.72600 0.04000 0.04000
0.00000 0.34000 0.61000 0.04000 0.04000
0.00000 0.34400 0.49800 0.04000 0.04000
0.00000 0.34600 0.38400 0.04000 0.04000
0.00000 0.34400 0.26400 0.04000 0.04000
1.00000 0.09600 0.26200 0.04000 0.04000
1.00000 0.09400 0.37600 0.04000 0.04000
1.00000 0.09400 0.49200 0.04000 0.04000
1.00000 0.09200 0.60600 0.04000 0.04000
1.00000 0.09200 0.72400 0.04000 0.04000
1.00000 0.09000 0.83600 0.04000 0.04000
1.00000 0.09000 0.95000 0.04000 0.04000
0.00000 0.68800 0.27400 0.04000 0.04000
0.00000 0.68600 0.38600 0.04000 0.04000
0.00000 0.68200 0.49800 0.04000 0.04000
0.00000 0.68200 0.61600 0.04000 0.04000
0.00000 0.68000 0.73000 0.04000 0.04000
0.00000 0.67600 0.84200 0.04000 0.04000
0.00000 0.67800 0.95600 0.04000 0.04000
1.00000 0.92600 0.96400 0.04000 0.04000
1.00000 0.92400 0.84400 0.04000 0.04000
1.00000 0.92800 0.73000 0.04000 0.04000
1.00000 0.92800 0.61600 0.04000 0.04000
1.00000 0.93400 0.50200 0.04000 0.04000
1.00000 0.93400 0.39200 0.04000 0.04000
1.00000 0.93400 0.27600 0.04000 0.04000
