3.00000 0.70400 0.10400 0.04000 0.04000
3.00000 0.72400 0.22400 0.04000 0.04000
3.00000 0.69800 0.68200 0.04000 0.04000
3.00000 0.32200 0.91200 0.04000 0.04000
0.00000 0.35400 0.91000 0.04000 0.04000
0.00000 0.35200 0.79400 0.04000 0.04000
0.00000 0.35600 0.67600 0.04000 0.04000
0.00000 0.35400 0.56200 0.04000 0.04000
0.00000 0.35200 0.44400 0.04000 0.04000
0.00000 0.35600 0.33000 0.04000 0.04000
0.00000 0.35800 0.21800 0.04000 0.04000
3.00000 0.32200 0.10400 0.04000 0.04000
0.00000 0.36200 0.10400 0.04000 0.04000
1.00000 0.11200 0.21600 0.04000 0.04000
1.00000 0.11200 0.32600 0.04000 0.04000
1.00000 0.11000 0.44800 0.04000 0.04000
1.00000 0.10800 0.56200 0.04000 0.04000
1.00000 0.10800 0.67400 0.04000 0.04000
1.00000 0.10400 0.78600 0.04000 0.04000
0.00000 0.66400 0.68000 0.04000 0.04000
0.00000 0.67000 0.56800 0.04000 0.04000
0.00000 0.67200 0.45600 0.04000 0.04000
0.00000 0.67200 0.10800 0.04000 0.04000
0.00000 0.67400 0.22000 0.04000 0.04000
0.00000 0.66800 0.34000 0.04000 0.04000
1.00000 0.91200 0.45600 0.04000 0.04000
1.00000 0.91200 0.56800 0.04000 0.04000
