0.00000 0.66800 0.46200 0.04000 0.04000
0.00000 0.78000 0.44000 0.04000 0.04000
0.00000 0.75600 0.31400 0.04000 0.04000
0.00000 0.86200 0.29200 0.04000 0.04000
0.00000 0.89200 0.40800 0.04000 0.04000
1.00000 0.91400 0.52400 0.04000 0.04000
1.00000 0.79800 0.54600 0.04000 0.04000
1.00000 0.82400 0.67000 0.04000 0.04000
1.00000 0.71200 0.69400 0.04000 0.04000
1.00000 0.85200 0.78400 0.04000 0.04000
0.00000 0.02400 0.70000 0.04000 0.04000
0.00000 0.12200 0.76800 0.04000 0.04000
3.00000 0.00600 0.94400 0.04000 0.04000
3.00000 0.00600 0.72800 0.04000 0.04000
0.00000 0.31000 0.47800 0.04000 0.04000
0.00000 0.21200 0.41800 0.04000 0.04000
0.00000 0.11400 0.35200 0.04000 0.04000
0.00000 0.01600 0.29000 0.04000 0.04000
1.00000 0.06000 0.01600 0.04000 0.04000
1.00000 0.15400 0.08200 0.04000 0.04000
1.00000 0.25400 0.14600 0.04000 0.04000
1.00000 0.35000 0.20800 0.04000 0.04000
1.00000 0.44400 0.27200 0.04000 0.04000
0.00000 0.58000 0.06200 0.04000 0.04000
