0.00000 0.45400 0.67600 0.04000 0.04000
0.00000 0.49600 0.87400 0.04000 0.04000
0.00000 0.75400 0.81800 0.04000 0.04000
0.00000 0.71200 0.62200 0.04000 0.04000
0.00000 0.66800 0.42800 0.04000 0.04000
0.00000 0.40800 0.48000 0.04000 0.04000
0.00000 0.36600 0.28600 0.04000 0.04000
0.00000 0.32000 0.08800 0.04000 0.04000
3.00000 0.23000 0.00800 0.04000 0.04000
1.00000 0.10800 0.05600 0.04000 0.04000
1.00000 0.15200 0.25200 0.04000 0.04000
1.00000 0.19600 0.44800 0.04000 0.04000
1.00000 0.24000 0.64400 0.04000 0.04000
1.00000 0.28400 0.83600 0.04000 0.04000
1.00000 0.19200 0.85600 0.04000 0.04000
1.00000 0.14600 0.66000 0.04000 0.04000
1.00000 0.10400 0.46400 0.04000 0.04000
1.00000 0.05800 0.26800 0.04000 0.04000
1.00000 0.01400 0.07600 0.04000 0.04000
3.00000 0.71600 0.00600 0.04000 0.04000
3.00000 0.59000 0.00200 0.04000 0.04000
0.00000 0.58200 0.03000 0.04000 0.04000
0.00000 0.62600 0.22800 0.04000 0.04000
1.00000 0.79800 0.10400 0.04000 0.04000
1.00000 0.84400 0.29800 0.04000 0.04000
1.00000 0.89000 0.49400 0.04000 0.04000
1.00000 0.93600 0.68600 0.04000 0.04000
1.00000 0.97800 0.88200 0.04000 0.04000
1.00000 0.98200 0.47400 0.04000 0.04000
1.00000 0.94000 0.27800 0.04000 0.04000
1.00000 0.89400 0.08400 0.04000 0.04000
