1.00000 0.91800 0.56200 0.04000 0.04000
1.00000 0.91600 0.45200 0.04000 0.04000
1.00000 0.91200 0.33600 0.04000 0.04000
1.00000 0.91000 0.22600 0.04000 0.04000
3.00000 0.68000 0.10800 0.04000 0.04000
0.00000 0.66000 0.10000 0.04000 0.04000
0.00000 0.66200 0.22400 0.04000 0.04000
0.00000 0.66800 0.34000 0.04000 0.04000
0.00000 0.67000 0.45800 0.04000 0.04000
0.00000 0.67000 0.57200 0.04000 0.04000
3.00000 0.71200 0.68400 0.04000 0.04000
0.00000 0.67400 0.68800 0.04000 0.04000
0.00000 0.67800 0.90400 0.04000 0.04000
1.00000 0.92400 0.90000 0.04000 0.04000
0.00000 0.36000 0.68600 0.04000 0.04000
0.00000 0.36000 0.57200 0.04000 0.04000
0.00000 0.35400 0.45800 0.04000 0.04000
0.00000 0.35400 0.34200 0.04000 0.04000
0.00000 0.35000 0.22800 0.04000 0.04000
0.00000 0.34800 0.11200 0.04000 0.04000
3.00000 0.30600 0.11200 0.04000 0.04000
1.00000 0.10200 0.23200 0.04000 0.04000
1.00000 0.10800 0.46400 0.04000 0.04000
1.00000 0.11000 0.58000 0.04000 0.04000
1.00000 0.11400 0.69200 0.04000 0.04000
