0.00000 0.62000 0.69000 0.04000 0.04000
0.00000 0.62200 0.36400 0.04000 0.04000
0.00000 0.62000 0.03400 0.04000 0.04000
1.00000 0.76400 0.03400 0.04000 0.04000
1.00000 0.76600 0.36200 0.04000 0.04000
1.00000 0.76400 0.68800 0.04000 0.04000
0.00000 0.41400 0.38600 0.04000 0.04000
0.00000 0.41400 0.27000 0.04000 0.04000
0.00000 0.41400 0.15800 0.04000 0.04000
0.00000 0.41400 0.04400 0.04000 0.04000
0.00000 0.41400 0.50400 0.04000 0.04000
0.00000 0.41200 0.61800 0.04000 0.04000
0.00000 0.41400 0.73400 0.04000 0.04000
0.00000 0.41200 0.84800 0.04000 0.04000
0.00000 0.41200 0.96200 0.04000 0.04000
1.00000 0.16400 0.04000 0.04000 0.04000
1.00000 0.16200 0.15600 0.04000 0.04000
1.00000 0.16600 0.27200 0.04000 0.04000
1.00000 0.16400 0.38600 0.04000 0.04000
1.00000 0.16200 0.50200 0.04000 0.04000
1.00000 0.16400 0.61600 0.04000 0.04000
1.00000 0.16200 0.73200 0.04000 0.04000
1.00000 0.16400 0.84800 0.04000 0.04000
1.00000 0.16400 0.96200 0.04000 0.04000
