0.00000 0.43600 0.50400 0.04000 0.04000
0.00000 0.34600 0.57400 0.04000 0.04000
0.00000 0.25600 0.65200 0.04000 0.04000
0.00000 0.16600 0.72200 0.04000 0.04000
0.00000 0.07600 0.79800 0.04000 0.04000
0.00000 0.11400 0.12200 0.04000 0.04000
0.00000 0.02800 0.19400 0.04000 0.04000
1.00000 0.27200 0.31400 0.04000 0.04000
1.00000 0.18400 0.38800 0.04000 0.04000
1.00000 0.09600 0.46000 0.04000 0.04000
1.00000 0.00800 0.53600 0.04000 0.04000
0.00000 0.65200 0.76200 0.04000 0.04000
0.00000 0.56000 0.83800 0.04000 0.04000
0.00000 0.47600 0.90800 0.04000 0.04000
0.00000 0.38200 0.98000 0.04000 0.04000
1.00000 0.81000 0.95400 0.04000 0.04000
3.00000 0.68800 0.99000 0.04000 0.04000
3.00000 0.54400 0.99200 0.04000 0.04000
3.00000 0.00600 0.71000 0.04000 0.04000
