3.00000 0.24400 0.68800 0.04000 0.04000
3.00000 0.18400 0.78600 0.04000 0.04000
1.00000 0.06800 0.56800 0.04000 0.04000
0.00000 0.27400 0.70800 0.04000 0.04000
0.00000 0.27400 0.70800 0.04000 0.04000
0.00000 0.21000 0.80600 0.04000 0.04000
0.00000 0.14600 0.90000 0.04000 0.04000
3.00000 0.00600 0.80400 0.04000 0.04000
1.00000 0.00400 0.66200 0.04000 0.04000
1.00000 0.79600 0.93200 0.04000 0.04000
0.00000 0.59200 0.79600 0.04000 0.04000
0.00000 0.50200 0.93000 0.04000 0.04000
3.00000 0.59600 0.99200 0.04000 0.04000
