0.00000 0.35600 0.65200 0.04000 0.04000
3.00000 0.31600 0.76600 0.04000 0.04000
0.00000 0.35000 0.76600 0.04000 0.04000
0.00000 0.34600 0.88000 0.04000 0.04000
1.00000 0.10200 0.87800 0.04000 0.04000
1.00000 0.10600 0.64600 0.04000 0.04000
1.00000 0.10800 0.53200 0.04000 0.04000
1.00000 0.11200 0.41600 0.04000 0.04000
1.00000 0.11400 0.29800 0.04000 0.04000
1.00000 0.92200 0.09600 0.04000 0.04000
1.00000 0.92400 0.25800 0.04000 0.04000
1.00000 0.91800 0.42200 0.04000 0.04000
1.00000 0.91800 0.54400 0.04000 0.04000
1.00000 0.91400 0.65800 0.04000 0.04000
1.00000 0.91200 0.88600 0.04000 0.04000
3.00000 0.69200 0.77000 0.04000 0.04000
0.00000 0.66400 0.88600 0.04000 0.04000
0.00000 0.66400 0.76800 0.04000 0.04000
0.00000 0.66600 0.65200 0.04000 0.04000
0.00000 0.67200 0.53800 0.04000 0.04000
0.00000 0.67200 0.41400 0.04000 0.04000
0.00000 0.67800 0.24600 0.04000 0.04000
0.00000 0.68000 0.09200 0.04000 0.04000
3.00000 0.33200 0.07000 0.04000 0.04000
3.00000 0.32000 0.19000 0.04000 0.04000
0.00000 0.35800 0.41800 0.04000 0.04000
0.00000 0.35600 0.53200 0.04000 0.04000
0.00000 0.36000 0.30800 0.04000 0.04000
0.00000 0.36600 0.19200 0.04000 0.04000
0.00000 0.36800 0.07400 0.04000 0.04000
1.00000 0.12000 0.06800 0.04000 0.04000
0.00000 0.34800 0.98600 0.04000 0.04000
