0.00000 0.64400 0.27200 0.04000 0.04000
0.00000 0.61200 0.59600 0.04000 0.04000
0.00000 0.57800 0.92200 0.04000 0.04000
1.00000 0.72200 0.93600 0.04000 0.04000
1.00000 0.75800 0.61400 0.04000 0.04000
1.00000 0.78600 0.28600 0.04000 0.04000
0.00000 0.21200 0.51200 0.04000 0.04000
0.00000 0.14400 0.43000 0.04000 0.04000
0.00000 0.31600 0.43800 0.04000 0.04000
0.00000 0.38800 0.52200 0.04000 0.04000
0.00000 0.30000 0.59800 0.04000 0.04000
0.00000 0.37000 0.68400 0.04000 0.04000
0.00000 0.28600 0.76200 0.04000 0.04000
0.00000 0.35600 0.84800 0.04000 0.04000
0.00000 0.27000 0.92000 0.04000 0.04000
1.00000 0.12800 0.58800 0.04000 0.04000
1.00000 0.19800 0.67200 0.04000 0.04000
1.00000 0.11400 0.75000 0.04000 0.04000
1.00000 0.18600 0.83800 0.04000 0.04000
1.00000 0.10000 0.91800 0.04000 0.04000
3.00000 0.00600 0.53800 0.04000 0.04000
0.00000 0.34800 0.07400 0.04000 0.04000
0.00000 0.02400 0.05200 0.04000 0.04000
3.00000 0.35400 0.00600 0.04000 0.04000
3.00000 0.02800 0.00800 0.04000 0.04000
