0.00000 0.38400 0.36800 0.04000 0.04000
0.00000 0.32400 0.46600 0.04000 0.04000
0.00000 0.26000 0.55800 0.04000 0.04000
0.00000 0.20400 0.66200 0.04000 0.04000
0.00000 0.14000 0.75600 0.04000 0.04000
0.00000 0.07800 0.85600 0.04000 0.04000
0.00000 0.43000 0.93800 0.04000 0.04000
0.00000 0.49400 0.83800 0.04000 0.04000
0.00000 0.55200 0.74000 0.04000 0.04000
0.00000 0.61400 0.64000 0.04000 0.04000
0.00000 0.67400 0.54600 0.04000 0.04000
1.00000 0.17200 0.23800 0.04000 0.04000
1.00000 0.11200 0.33000 0.04000 0.04000
1.00000 0.05000 0.43000 0.04000 0.04000
3.00000 0.00600 0.53600 0.04000 0.04000
3.00000 0.00600 0.67200 0.04000 0.04000
3.00000 0.00600 0.80800 0.04000 0.04000
0.00000 0.01400 0.95000 0.04000 0.04000
1.00000 0.88600 0.67600 0.04000 0.04000
1.00000 0.82400 0.77400 0.04000 0.04000
1.00000 0.76400 0.87000 0.04000 0.04000
1.00000 0.70400 0.97000 0.04000 0.04000
3.00000 0.52600 0.99200 0.04000 0.04000
