0.00000 0.35200 0.25000 0.04000 0.04000
0.00000 0.35400 0.36000 0.04000 0.04000
0.00000 0.35000 0.47600 0.04000 0.04000
0.00000 0.35400 0.59600 0.04000 0.04000
0.00000 0.35800 0.70600 0.04000 0.04000
0.00000 0.35800 0.82400 0.04000 0.04000
1.00000 0.11000 0.82800 0.04000 0.04000
1.00000 0.11000 0.71200 0.04000 0.04000
1.00000 0.10600 0.59800 0.04000 0.04000
1.00000 0.10400 0.47600 0.04000 0.04000
1.00000 0.10200 0.37000 0.04000 0.04000
3.00000 0.30000 0.25000 0.04000 0.04000
0.00000 0.34800 0.13000 0.04000 0.04000
0.00000 0.34800 0.02200 0.04000 0.04000
1.00000 0.10000 0.02000 0.04000 0.04000
1.00000 0.10200 0.13600 0.04000 0.04000
0.00000 0.66000 0.01400 0.04000 0.04000
1.00000 0.90800 0.01000 0.04000 0.04000
3.00000 0.69600 0.24200 0.04000 0.04000
0.00000 0.66400 0.24000 0.04000 0.04000
0.00000 0.66400 0.35800 0.04000 0.04000
0.00000 0.66600 0.48000 0.04000 0.04000
0.00000 0.67000 0.59400 0.04000 0.04000
0.00000 0.67000 0.70800 0.04000 0.04000
3.00000 0.69600 0.82600 0.04000 0.04000
0.00000 0.67400 0.82200 0.04000 0.04000
1.00000 0.92000 0.70400 0.04000 0.04000
1.00000 0.91600 0.59200 0.04000 0.04000
1.00000 0.91200 0.47600 0.04000 0.04000
1.00000 0.91400 0.36200 0.04000 0.04000
0.00000 0.66200 0.12400 0.04000 0.04000
