3.00000 0.32600 0.13200 0.04000 0.04000
3.00000 0.28400 0.24600 0.04000 0.04000
3.00000 0.27800 0.36000 0.04000 0.04000
3.00000 0.19400 0.59400 0.04000 0.04000
3.00000 0.19000 0.70800 0.04000 0.04000
1.00000 0.09600 0.81600 0.04000 0.04000
3.00000 0.29800 0.93800 0.04000 0.04000
0.00000 0.34400 0.93800 0.04000 0.04000
0.00000 0.34400 0.82000 0.04000 0.04000
0.00000 0.34600 0.70600 0.04000 0.04000
0.00000 0.34800 0.59200 0.04000 0.04000
0.00000 0.34600 0.48000 0.04000 0.04000
0.00000 0.35000 0.36200 0.04000 0.04000
0.00000 0.35400 0.24600 0.04000 0.04000
0.00000 0.35400 0.13800 0.04000 0.04000
3.00000 0.70200 0.13600 0.04000 0.04000
3.00000 0.70200 0.01800 0.04000 0.04000
3.00000 0.68600 0.71400 0.04000 0.04000
0.00000 0.65200 0.94000 0.04000 0.04000
0.00000 0.65400 0.71000 0.04000 0.04000
0.00000 0.65800 0.59600 0.04000 0.04000
0.00000 0.65800 0.47800 0.04000 0.04000
0.00000 0.66200 0.25400 0.04000 0.04000
0.00000 0.66400 0.13800 0.04000 0.04000
0.00000 0.66600 0.01800 0.04000 0.04000
1.00000 0.10000 0.47400 0.04000 0.04000
1.00000 0.90400 0.59600 0.04000 0.04000
1.00000 0.90800 0.48600 0.04000 0.04000
1.00000 0.90800 0.25400 0.04000 0.04000
