0.00000 0.56200 0.87200 0.04000 0.04000
0.00000 0.86200 0.73200 0.04000 0.04000
1.00000 0.92200 0.86200 0.04000 0.04000
1.00000 0.62400 0.99000 0.04000 0.04000
0.00000 0.65000 0.36000 0.04000 0.04000
0.00000 0.56200 0.18200 0.04000 0.04000
0.00000 0.24000 0.10800 0.04000 0.04000
0.00000 0.32400 0.29000 0.04000 0.04000
0.00000 0.40600 0.46600 0.04000 0.04000
1.00000 0.71000 0.01800 0.04000 0.04000
1.00000 0.03800 0.13200 0.04000 0.04000
1.00000 0.02400 0.34200 0.04000 0.04000
1.00000 0.11200 0.30400 0.04000 0.04000
3.00000 0.06000 0.00600 0.04000 0.04000
