0.00000 0.72400 0.43000 0.04000 0.04000
0.00000 0.83600 0.42200 0.04000 0.04000
0.00000 0.83400 0.30200 0.04000 0.04000
0.00000 0.94600 0.29600 0.04000 0.04000
0.00000 0.95200 0.41000 0.04000 0.04000
1.00000 0.95400 0.53000 0.04000 0.04000
1.00000 0.84600 0.53400 0.04000 0.04000
1.00000 0.84600 0.66600 0.04000 0.04000
1.00000 0.73400 0.66800 0.04000 0.04000
0.00000 0.36400 0.39200 0.04000 0.04000
0.00000 0.28200 0.32000 0.04000 0.04000
0.00000 0.19600 0.23400 0.04000 0.04000
0.00000 0.10800 0.16000 0.04000 0.04000
0.00000 0.02000 0.08000 0.04000 0.04000
3.00000 0.09200 0.00400 0.04000 0.04000
3.00000 0.24600 0.00600 0.04000 0.04000
1.00000 0.36600 0.05600 0.04000 0.04000
1.00000 0.44800 0.13400 0.04000 0.04000
1.00000 0.53600 0.21000 0.04000 0.04000
0.00000 0.70400 0.03000 0.04000 0.04000
0.00000 0.14000 0.63800 0.04000 0.04000
0.00000 0.05400 0.56000 0.04000 0.04000
3.00000 0.00600 0.79000 0.04000 0.04000
3.00000 0.00800 0.61400 0.04000 0.04000
