0.00000 0.46600 0.38000 0.04000 0.04000
1.00000 0.26400 0.51000 0.04000 0.04000
0.00000 0.51000 0.21400 0.04000 0.04000
0.00000 0.54800 0.05000 0.04000 0.04000
0.00000 0.43400 0.83000 0.04000 0.04000
0.00000 0.40600 0.94400 0.04000 0.04000
1.00000 0.18600 0.77800 0.04000 0.04000
1.00000 0.16400 0.88800 0.04000 0.04000
0.00000 0.69400 0.60800 0.04000 0.04000
0.00000 0.76000 0.28800 0.04000 0.04000
0.00000 0.62200 0.92400 0.04000 0.04000
1.00000 0.76600 0.95400 0.04000 0.04000
1.00000 0.83600 0.63800 0.04000 0.04000
1.00000 0.90400 0.31600 0.04000 0.04000
1.00000 0.28400 0.08600 0.04000 0.04000
1.00000 0.24600 0.24800 0.04000 0.04000
1.00000 0.08000 0.21600 0.04000 0.04000
