0.00000 0.07800 0.02000 0.04000 0.04000
0.00000 0.25200 0.02200 0.04000 0.04000
0.00000 0.15200 0.09800 0.04000 0.04000
0.00000 0.32600 0.10400 0.04000 0.04000
0.00000 0.24200 0.18200 0.04000 0.04000
0.00000 0.31200 0.26600 0.04000 0.04000
0.00000 0.23400 0.34600 0.04000 0.04000
0.00000 0.30000 0.43000 0.04000 0.04000
0.00000 0.22200 0.51200 0.04000 0.04000
0.00000 0.29200 0.58800 0.04000 0.04000
0.00000 0.20800 0.67000 0.04000 0.04000
0.00000 0.28200 0.75400 0.04000 0.04000
0.00000 0.19800 0.83400 0.04000 0.04000
0.00000 0.26800 0.91800 0.04000 0.04000
1.00000 0.09800 0.91200 0.04000 0.04000
1.00000 0.02600 0.83000 0.04000 0.04000
1.00000 0.10800 0.75000 0.04000 0.04000
1.00000 0.03400 0.66800 0.04000 0.04000
1.00000 0.11600 0.58800 0.04000 0.04000
1.00000 0.04400 0.50600 0.04000 0.04000
1.00000 0.13000 0.42400 0.04000 0.04000
1.00000 0.05800 0.34400 0.04000 0.04000
1.00000 0.14200 0.26400 0.04000 0.04000
1.00000 0.07000 0.18000 0.04000 0.04000
