1.00000 0.09400 0.69800 0.04000 0.04000
0.00000 0.34400 0.69600 0.04000 0.04000
0.00000 0.34600 0.80200 0.04000 0.04000
0.00000 0.34400 0.58000 0.04000 0.04000
0.00000 0.34400 0.46400 0.04000 0.04000
0.00000 0.34400 0.35200 0.04000 0.04000
3.00000 0.26800 0.34800 0.04000 0.04000
3.00000 0.26800 0.23400 0.04000 0.04000
0.00000 0.34800 0.24000 0.04000 0.04000
1.00000 0.10000 0.46400 0.04000 0.04000
1.00000 0.09600 0.57800 0.04000 0.04000
1.00000 0.90200 0.59400 0.04000 0.04000
1.00000 0.90000 0.70200 0.04000 0.04000
1.00000 0.90000 0.47000 0.04000 0.04000
1.00000 0.90000 0.35600 0.04000 0.04000
1.00000 0.90800 0.24200 0.04000 0.04000
1.00000 0.90600 0.01200 0.04000 0.04000
0.00000 0.66400 0.01200 0.04000 0.04000
0.00000 0.66000 0.24600 0.04000 0.04000
0.00000 0.65600 0.35200 0.04000 0.04000
0.00000 0.65800 0.46800 0.04000 0.04000
0.00000 0.65400 0.58400 0.04000 0.04000
0.00000 0.65000 0.69800 0.04000 0.04000
0.00000 0.64800 0.81200 0.04000 0.04000
3.00000 0.66800 0.81400 0.04000 0.04000
3.00000 0.30800 0.81000 0.04000 0.04000
3.00000 0.29800 0.00400 0.04000 0.04000
0.00000 0.35400 0.00600 0.04000 0.04000
