0.00000 0.56800 0.24800 0.04000 0.04000
1.00000 0.22600 0.30200 0.04000 0.04000
1.00000 0.15400 0.22600 0.04000 0.04000
1.00000 0.30400 0.08600 0.04000 0.04000
0.00000 0.71200 0.10400 0.04000 0.04000
3.00000 0.58600 0.12400 0.04000 0.04000
0.00000 0.74800 0.43200 0.04000 0.04000
0.00000 0.88400 0.29000 0.04000 0.04000
3.00000 0.86400 0.41600 0.04000 0.04000
1.00000 0.69200 0.75400 0.04000 0.04000
1.00000 0.90000 0.69000 0.04000 0.04000
1.00000 0.75600 0.83000 0.04000 0.04000
1.00000 0.97200 0.47200 0.04000 0.04000
