3.00000 0.33400 0.42600 0.04000 0.04000
3.00000 0.33000 0.26200 0.04000 0.04000
3.00000 0.74800 0.51400 0.04000 0.04000
1.00000 0.90400 0.88200 0.04000 0.04000
1.00000 0.92600 0.68000 0.04000 0.04000
1.00000 0.95400 0.48200 0.04000 0.04000
1.00000 0.98200 0.28200 0.04000 0.04000
1.00000 0.85600 0.47200 0.04000 0.04000
1.00000 0.80200 0.86400 0.04000 0.04000
1.00000 0.15600 0.78200 0.04000 0.04000
0.00000 0.44800 0.13600 0.04000 0.04000
0.00000 0.42000 0.33200 0.04000 0.04000
0.00000 0.39400 0.53200 0.04000 0.04000
1.00000 0.05800 0.76400 0.04000 0.04000
1.00000 0.08600 0.56000 0.04000 0.04000
1.00000 0.11200 0.36400 0.04000 0.04000
1.00000 0.14000 0.16600 0.04000 0.04000
0.00000 0.64600 0.57000 0.04000 0.04000
0.00000 0.67400 0.37200 0.04000 0.04000
0.00000 0.70000 0.17400 0.04000 0.04000
