3.00000 0.25600 0.66400 0.04000 0.04000
3.00000 0.22400 0.76800 0.04000 0.04000
0.00000 0.34000 0.57200 0.04000 0.04000
0.00000 0.30000 0.67800 0.04000 0.04000
0.00000 0.25800 0.78400 0.04000 0.04000
0.00000 0.21400 0.89000 0.04000 0.04000
1.00000 0.02800 0.69400 0.04000 0.04000
1.00000 0.06600 0.58400 0.04000 0.04000
3.00000 0.00600 0.80800 0.04000 0.04000
0.00000 0.57200 0.84200 0.04000 0.04000
0.00000 0.62800 0.69400 0.04000 0.04000
1.00000 0.86000 0.78000 0.04000 0.04000
1.00000 0.80000 0.93400 0.04000 0.04000
0.00000 0.51000 0.99200 0.04000 0.04000
