0.00000 0.36000 0.63800 0.04000 0.04000
0.00000 0.35200 0.47400 0.04000 0.04000
0.00000 0.27800 0.55800 0.04000 0.04000
0.00000 0.27000 0.39400 0.04000 0.04000
0.00000 0.34800 0.30400 0.04000 0.04000
3.00000 0.25200 0.24200 0.04000 0.04000
0.00000 0.26600 0.22600 0.04000 0.04000
0.00000 0.34400 0.13800 0.04000 0.04000
0.00000 0.26600 0.05600 0.04000 0.04000
1.00000 0.17400 0.14400 0.04000 0.04000
1.00000 0.09600 0.07600 0.04000 0.04000
1.00000 0.10400 0.23600 0.04000 0.04000
1.00000 0.10000 0.40800 0.04000 0.04000
1.00000 0.18800 0.48200 0.04000 0.04000
1.00000 0.10400 0.57600 0.04000 0.04000
1.00000 0.18400 0.65200 0.04000 0.04000
1.00000 0.19000 0.81800 0.04000 0.04000
1.00000 0.11800 0.90200 0.04000 0.04000
1.00000 0.19400 0.97600 0.04000 0.04000
0.00000 0.28600 0.89400 0.04000 0.04000
0.00000 0.37000 0.96400 0.04000 0.04000
3.00000 0.34400 0.99200 0.04000 0.04000
0.00000 0.36000 0.80400 0.04000 0.04000
0.00000 0.28200 0.72400 0.04000 0.04000
3.00000 0.86600 0.43800 0.04000 0.04000
0.00000 0.76600 0.72000 0.04000 0.04000
0.00000 0.84400 0.63000 0.04000 0.04000
0.00000 0.76400 0.55400 0.04000 0.04000
0.00000 0.84200 0.45600 0.04000 0.04000
0.00000 0.76400 0.38600 0.04000 0.04000
0.00000 0.84000 0.29200 0.04000 0.04000
0.00000 0.76000 0.22000 0.04000 0.04000
0.00000 0.83200 0.12800 0.04000 0.04000
0.00000 0.75600 0.05000 0.04000 0.04000
1.00000 0.92000 0.04200 0.04000 0.04000
1.00000 0.92600 0.21000 0.04000 0.04000
1.00000 0.92800 0.54000 0.04000 0.04000
3.00000 0.98800 0.47600 0.04000 0.04000
0.00000 0.77400 0.88000 0.04000 0.04000
3.00000 0.85000 0.80000 0.04000 0.04000
0.00000 0.85600 0.96200 0.04000 0.04000
1.00000 0.94400 0.87000 0.04000 0.04000
3.00000 0.99200 0.81200 0.04000 0.04000
