0.00000 0.51600 0.67600 0.04000 0.04000
0.00000 0.49400 0.78400 0.04000 0.04000
0.00000 0.46800 0.89600 0.04000 0.04000
1.00000 0.73400 0.85000 0.04000 0.04000
1.00000 0.76000 0.73200 0.04000 0.04000
1.00000 0.79000 0.61600 0.04000 0.04000
1.00000 0.81400 0.50400 0.04000 0.04000
3.00000 0.65000 0.34400 0.04000 0.04000
1.00000 0.87600 0.27400 0.04000 0.04000
3.00000 0.68200 0.11400 0.04000 0.04000
0.00000 0.65200 0.10400 0.04000 0.04000
0.00000 0.62600 0.21800 0.04000 0.04000
0.00000 0.10400 0.10200 0.04000 0.04000
1.00000 0.05200 0.33400 0.04000 0.04000
0.00000 0.57600 0.44800 0.04000 0.04000
0.00000 0.60200 0.33400 0.04000 0.04000
