0.00000 0.79000 0.43000 0.04000 0.04000
0.00000 0.72400 0.52200 0.04000 0.04000
0.00000 0.81000 0.59200 0.04000 0.04000
0.00000 0.73600 0.68600 0.04000 0.04000
0.00000 0.83000 0.74800 0.04000 0.04000
0.00000 0.76200 0.84800 0.04000 0.04000
0.00000 0.85200 0.91400 0.04000 0.04000
0.00000 0.93200 0.81800 0.04000 0.04000
1.00000 0.99200 0.72600 0.04000 0.04000
1.00000 0.90600 0.65800 0.04000 0.04000
1.00000 0.98000 0.56200 0.04000 0.04000
1.00000 0.89000 0.49400 0.04000 0.04000
1.00000 0.95800 0.40200 0.04000 0.04000
1.00000 0.86600 0.33200 0.04000 0.04000
1.00000 0.94000 0.24000 0.04000 0.04000
1.00000 0.84800 0.17200 0.04000 0.04000
1.00000 0.92000 0.08200 0.04000 0.04000
1.00000 0.83000 0.00800 0.04000 0.04000
3.00000 0.68600 0.00400 0.04000 0.04000
0.00000 0.66000 0.03800 0.04000 0.04000
0.00000 0.74800 0.10600 0.04000 0.04000
0.00000 0.67800 0.20000 0.04000 0.04000
0.00000 0.76600 0.26800 0.04000 0.04000
0.00000 0.69800 0.36200 0.04000 0.04000
0.00000 0.34600 0.79800 0.04000 0.04000
0.00000 0.25800 0.73000 0.04000 0.04000
0.00000 0.32400 0.63400 0.04000 0.04000
0.00000 0.23600 0.57000 0.04000 0.04000
0.00000 0.30200 0.47400 0.04000 0.04000
0.00000 0.21600 0.40600 0.04000 0.04000
0.00000 0.28400 0.31400 0.04000 0.04000
0.00000 0.20000 0.24000 0.04000 0.04000
0.00000 0.26400 0.15200 0.04000 0.04000
0.00000 0.17800 0.08400 0.04000 0.04000
1.00000 0.09600 0.18000 0.04000 0.04000
1.00000 0.00600 0.11000 0.04000 0.04000
1.00000 0.02800 0.27200 0.04000 0.04000
1.00000 0.11200 0.33600 0.04000 0.04000
1.00000 0.04600 0.43600 0.04000 0.04000
1.00000 0.13800 0.50200 0.04000 0.04000
1.00000 0.07000 0.59600 0.04000 0.04000
1.00000 0.15600 0.66400 0.04000 0.04000
1.00000 0.08400 0.75800 0.04000 0.04000
1.00000 0.17400 0.82600 0.04000 0.04000
1.00000 0.10800 0.92000 0.04000 0.04000
1.00000 0.19600 0.98400 0.04000 0.04000
