3.00000 0.34000 0.07200 0.04000 0.04000
0.00000 0.37200 0.07200 0.04000 0.04000
0.00000 0.37000 0.18400 0.04000 0.04000
1.00000 0.12000 0.18200 0.04000 0.04000
3.00000 0.34200 0.29800 0.04000 0.04000
0.00000 0.37000 0.30400 0.04000 0.04000
0.00000 0.36600 0.41600 0.04000 0.04000
1.00000 0.11400 0.41200 0.04000 0.04000
1.00000 0.11400 0.52400 0.04000 0.04000
1.00000 0.10800 0.75400 0.04000 0.04000
0.00000 0.35400 0.76200 0.04000 0.04000
0.00000 0.35600 0.64800 0.04000 0.04000
0.00000 0.68400 0.13400 0.04000 0.04000
0.00000 0.68000 0.30000 0.04000 0.04000
0.00000 0.67800 0.42000 0.04000 0.04000
0.00000 0.67600 0.53400 0.04000 0.04000
0.00000 0.66800 0.76400 0.04000 0.04000
3.00000 0.72800 0.65400 0.04000 0.04000
0.00000 0.67000 0.65200 0.04000 0.04000
0.00000 0.66800 0.87800 0.04000 0.04000
3.00000 0.69200 0.88200 0.04000 0.04000
1.00000 0.91600 0.77200 0.04000 0.04000
1.00000 0.92200 0.54000 0.04000 0.04000
1.00000 0.92400 0.42800 0.04000 0.04000
1.00000 0.93000 0.30200 0.04000 0.04000
1.00000 0.93000 0.14000 0.04000 0.04000
3.00000 0.33200 0.87800 0.04000 0.04000
0.00000 0.35600 0.87800 0.04000 0.04000
