0.00000 0.69000 0.48600 0.04000 0.04000
0.00000 0.77600 0.41000 0.04000 0.04000
0.00000 0.77600 0.58000 0.04000 0.04000
0.00000 0.69000 0.65600 0.04000 0.04000
1.00000 0.85000 0.83200 0.04000 0.04000
1.00000 0.93800 0.76000 0.04000 0.04000
1.00000 0.85600 0.66200 0.04000 0.04000
1.00000 0.93400 0.59000 0.04000 0.04000
0.00000 0.85600 0.49600 0.04000 0.04000
0.00000 0.94000 0.41800 0.04000 0.04000
0.00000 0.41200 0.35800 0.04000 0.04000
0.00000 0.30000 0.35600 0.04000 0.04000
0.00000 0.18400 0.35000 0.04000 0.04000
0.00000 0.06800 0.34400 0.04000 0.04000
1.00000 0.06000 0.59200 0.04000 0.04000
1.00000 0.17600 0.59600 0.04000 0.04000
1.00000 0.28800 0.60400 0.04000 0.04000
1.00000 0.40000 0.60800 0.04000 0.04000
0.00000 0.39200 0.85400 0.04000 0.04000
0.00000 0.27800 0.84800 0.04000 0.04000
0.00000 0.16400 0.84200 0.04000 0.04000
0.00000 0.05000 0.83600 0.04000 0.04000
