0.00000 0.69800 0.13400 0.04000 0.04000
0.00000 0.78000 0.21000 0.04000 0.04000
0.00000 0.70200 0.29400 0.04000 0.04000
0.00000 0.78200 0.37000 0.04000 0.04000
0.00000 0.70400 0.45800 0.04000 0.04000
0.00000 0.78600 0.53400 0.04000 0.04000
0.00000 0.71000 0.61800 0.04000 0.04000
0.00000 0.79000 0.69600 0.04000 0.04000
0.00000 0.71200 0.78600 0.04000 0.04000
0.00000 0.79200 0.85600 0.04000 0.04000
0.00000 0.71800 0.95000 0.04000 0.04000
1.00000 0.96600 0.85000 0.04000 0.04000
1.00000 0.88400 0.77400 0.04000 0.04000
1.00000 0.96200 0.68600 0.04000 0.04000
1.00000 0.88200 0.60600 0.04000 0.04000
1.00000 0.95800 0.51800 0.04000 0.04000
1.00000 0.87800 0.44600 0.04000 0.04000
1.00000 0.95000 0.36000 0.04000 0.04000
1.00000 0.87000 0.28400 0.04000 0.04000
1.00000 0.95200 0.19600 0.04000 0.04000
1.00000 0.87200 0.11800 0.04000 0.04000
1.00000 0.94600 0.03200 0.04000 0.04000
1.00000 0.77800 0.04400 0.04000 0.04000
0.00000 0.29000 0.03800 0.04000 0.04000
0.00000 0.21600 0.13000 0.04000 0.04000
0.00000 0.29000 0.19600 0.04000 0.04000
0.00000 0.21800 0.28800 0.04000 0.04000
0.00000 0.29600 0.36400 0.04000 0.04000
0.00000 0.22600 0.45200 0.04000 0.04000
0.00000 0.30400 0.52800 0.04000 0.04000
0.00000 0.23000 0.61400 0.04000 0.04000
0.00000 0.30400 0.69000 0.04000 0.04000
0.00000 0.23000 0.78000 0.04000 0.04000
0.00000 0.30800 0.85000 0.04000 0.04000
0.00000 0.23200 0.94000 0.04000 0.04000
1.00000 0.06200 0.95400 0.04000 0.04000
1.00000 0.13600 0.86400 0.04000 0.04000
1.00000 0.06000 0.79000 0.04000 0.04000
1.00000 0.13000 0.70200 0.04000 0.04000
1.00000 0.05000 0.62000 0.04000 0.04000
1.00000 0.12400 0.54200 0.04000 0.04000
1.00000 0.04800 0.46200 0.04000 0.04000
1.00000 0.12400 0.37600 0.04000 0.04000
1.00000 0.04600 0.30000 0.04000 0.04000
1.00000 0.12000 0.21400 0.04000 0.04000
1.00000 0.04400 0.13800 0.04000 0.04000
1.00000 0.11400 0.05200 0.04000 0.04000
1.00000 0.88800 0.93600 0.04000 0.04000
