3.00000 0.64800 0.15200 0.04000 0.04000
3.00000 0.75400 0.19200 0.04000 0.04000
0.00000 0.75600 0.21800 0.04000 0.04000
0.00000 0.63800 0.19800 0.04000 0.04000
0.00000 0.52400 0.17800 0.04000 0.04000
0.00000 0.41400 0.15800 0.04000 0.04000
3.00000 0.30400 0.09600 0.04000 0.04000
3.00000 0.19000 0.08600 0.04000 0.04000
3.00000 0.09000 0.00400 0.04000 0.04000
0.00000 0.07000 0.10200 0.04000 0.04000
0.00000 0.18400 0.11800 0.04000 0.04000
0.00000 0.29800 0.13800 0.04000 0.04000
3.00000 0.43800 0.01000 0.04000 0.04000
3.00000 0.55200 0.01000 0.04000 0.04000
