1.00000 0.17600 0.12800 0.04000 0.04000
1.00000 0.17000 0.32600 0.04000 0.04000
1.00000 0.16200 0.52600 0.04000 0.04000
1.00000 0.16200 0.73200 0.04000 0.04000
1.00000 0.15800 0.93200 0.04000 0.04000
1.00000 0.80400 0.53800 0.04000 0.04000
1.00000 0.80200 0.73400 0.04000 0.04000
1.00000 0.81000 0.33600 0.04000 0.04000
1.00000 0.81200 0.13200 0.04000 0.04000
3.00000 0.76400 0.00400 0.04000 0.04000
1.00000 0.91200 0.14200 0.04000 0.04000
1.00000 0.90800 0.34000 0.04000 0.04000
1.00000 0.90400 0.53800 0.04000 0.04000
1.00000 0.90400 0.74600 0.04000 0.04000
1.00000 0.89800 0.94200 0.04000 0.04000
1.00000 0.79600 0.93800 0.04000 0.04000
0.00000 0.37000 0.21000 0.04000 0.04000
0.00000 0.36400 0.40800 0.04000 0.04000
0.00000 0.36400 0.60800 0.04000 0.04000
0.00000 0.36000 0.80800 0.04000 0.04000
0.00000 0.59800 0.81600 0.04000 0.04000
0.00000 0.60000 0.62000 0.04000 0.04000
0.00000 0.60600 0.41200 0.04000 0.04000
0.00000 0.61000 0.21000 0.04000 0.04000
1.00000 0.07200 0.12200 0.04000 0.04000
1.00000 0.07200 0.32200 0.04000 0.04000
1.00000 0.06800 0.52200 0.04000 0.04000
1.00000 0.06600 0.72200 0.04000 0.04000
1.00000 0.06000 0.92600 0.04000 0.04000
3.00000 0.23800 0.00800 0.04000 0.04000
