3.00000 0.33600 0.77000 0.04000 0.04000
0.00000 0.35800 0.77000 0.04000 0.04000
0.00000 0.35800 0.65400 0.04000 0.04000
0.00000 0.36200 0.54000 0.04000 0.04000
0.00000 0.36600 0.42800 0.04000 0.04000
0.00000 0.36800 0.30800 0.04000 0.04000
1.00000 0.12200 0.30200 0.04000 0.04000
1.00000 0.11800 0.41800 0.04000 0.04000
1.00000 0.11400 0.53200 0.04000 0.04000
1.00000 0.11000 0.64600 0.04000 0.04000
1.00000 0.10400 0.87800 0.04000 0.04000
0.00000 0.35000 0.88400 0.04000 0.04000
0.00000 0.35200 0.99000 0.04000 0.04000
0.00000 0.66400 0.89000 0.04000 0.04000
0.00000 0.66800 0.77800 0.04000 0.04000
0.00000 0.67400 0.65200 0.04000 0.04000
0.00000 0.67800 0.48800 0.04000 0.04000
0.00000 0.68200 0.32800 0.04000 0.04000
1.00000 0.93000 0.33400 0.04000 0.04000
1.00000 0.92600 0.49200 0.04000 0.04000
1.00000 0.92000 0.66000 0.04000 0.04000
1.00000 0.91600 0.78200 0.04000 0.04000
1.00000 0.91400 0.89200 0.04000 0.04000
