0.00000 0.24200 0.53200 0.04000 0.04000
0.00000 0.33000 0.60000 0.04000 0.04000
0.00000 0.26000 0.69600 0.04000 0.04000
0.00000 0.34800 0.76800 0.04000 0.04000
0.00000 0.28000 0.85800 0.04000 0.04000
0.00000 0.36800 0.92400 0.04000 0.04000
3.00000 0.33200 0.97600 0.04000 0.04000
0.00000 0.31400 0.43000 0.04000 0.04000
0.00000 0.22800 0.36200 0.04000 0.04000
0.00000 0.29600 0.26600 0.04000 0.04000
0.00000 0.20800 0.19600 0.04000 0.04000
0.00000 0.28200 0.10000 0.04000 0.04000
1.00000 0.06200 0.39200 0.04000 0.04000
1.00000 0.15000 0.45400 0.04000 0.04000
1.00000 0.07600 0.55200 0.04000 0.04000
1.00000 0.17000 0.61800 0.04000 0.04000
1.00000 0.18000 0.79000 0.04000 0.04000
1.00000 0.11400 0.89000 0.04000 0.04000
1.00000 0.20200 0.95600 0.04000 0.04000
0.00000 0.76200 0.81000 0.04000 0.04000
0.00000 0.85400 0.87600 0.04000 0.04000
0.00000 0.83600 0.71200 0.04000 0.04000
0.00000 0.75000 0.64000 0.04000 0.04000
3.00000 0.85000 0.51000 0.04000 0.04000
0.00000 0.82000 0.54600 0.04000 0.04000
0.00000 0.73000 0.48000 0.04000 0.04000
0.00000 0.80600 0.37800 0.04000 0.04000
0.00000 0.71600 0.31200 0.04000 0.04000
0.00000 0.78600 0.21200 0.04000 0.04000
3.00000 0.95000 0.00800 0.04000 0.04000
3.00000 0.80600 0.00400 0.04000 0.04000
0.00000 0.76800 0.04600 0.04000 0.04000
0.00000 0.69200 0.14000 0.04000 0.04000
1.00000 0.86400 0.11800 0.04000 0.04000
3.00000 0.99200 0.14000 0.04000 0.04000
1.00000 0.88400 0.28400 0.04000 0.04000
1.00000 0.93000 0.78600 0.04000 0.04000
0.00000 0.78200 0.97400 0.04000 0.04000
1.00000 0.03200 0.98000 0.04000 0.04000
