3.00000 0.19800 0.33800 0.04000 0.04000
3.00000 0.20000 0.14200 0.04000 0.04000
3.00000 0.84200 0.64600 0.04000 0.04000
3.00000 0.84200 0.46800 0.04000 0.04000
0.00000 0.76400 0.01000 0.04000 0.04000
0.00000 0.68600 0.10800 0.04000 0.04000
0.00000 0.77800 0.17800 0.04000 0.04000
0.00000 0.70400 0.27400 0.04000 0.04000
0.00000 0.79200 0.34200 0.04000 0.04000
0.00000 0.72000 0.44000 0.04000 0.04000
0.00000 0.80400 0.51000 0.04000 0.04000
0.00000 0.73200 0.60800 0.04000 0.04000
0.00000 0.82200 0.67600 0.04000 0.04000
0.00000 0.74600 0.76800 0.04000 0.04000
0.00000 0.76000 0.94000 0.04000 0.04000
1.00000 0.85400 0.08400 0.04000 0.04000
3.00000 0.92000 0.00600 0.04000 0.04000
1.00000 0.87400 0.25000 0.04000 0.04000
1.00000 0.97200 0.48800 0.04000 0.04000
1.00000 0.08000 0.67400 0.04000 0.04000
1.00000 0.16400 0.73800 0.04000 0.04000
1.00000 0.17800 0.91200 0.04000 0.04000
0.00000 0.25800 0.81800 0.04000 0.04000
0.00000 0.34600 0.88800 0.04000 0.04000
3.00000 0.26200 0.99200 0.04000 0.04000
0.00000 0.33000 0.72200 0.04000 0.04000
0.00000 0.24000 0.65200 0.04000 0.04000
0.00000 0.31600 0.55400 0.04000 0.04000
0.00000 0.23000 0.48200 0.04000 0.04000
1.00000 0.15000 0.57400 0.04000 0.04000
0.00000 0.30200 0.38600 0.04000 0.04000
0.00000 0.21600 0.31800 0.04000 0.04000
0.00000 0.28600 0.22200 0.04000 0.04000
0.00000 0.27200 0.05200 0.04000 0.04000
1.00000 0.03400 0.17200 0.04000 0.04000
