0.00000 0.36800 0.56000 0.04000 0.04000
0.00000 0.36400 0.67400 0.04000 0.04000
3.00000 0.32600 0.78400 0.04000 0.04000
0.00000 0.36200 0.78800 0.04000 0.04000
0.00000 0.35800 0.90000 0.04000 0.04000
0.00000 0.67200 0.90400 0.04000 0.04000
0.00000 0.67600 0.73800 0.04000 0.04000
0.00000 0.68400 0.57400 0.04000 0.04000
1.00000 0.12200 0.55200 0.04000 0.04000
1.00000 0.11800 0.65800 0.04000 0.04000
1.00000 0.11200 0.77600 0.04000 0.04000
1.00000 0.11000 0.89400 0.04000 0.04000
1.00000 0.92200 0.74400 0.04000 0.04000
1.00000 0.92800 0.58600 0.04000 0.04000
1.00000 0.91800 0.91000 0.04000 0.04000
