0.00000 0.45200 0.13600 0.04000 0.04000
1.00000 0.20800 0.12000 0.04000 0.04000
0.00000 0.58400 0.03600 0.04000 0.04000
0.00000 0.66000 0.51000 0.04000 0.04000
0.00000 0.65400 0.62400 0.04000 0.04000
0.00000 0.78000 0.51200 0.04000 0.04000
0.00000 0.78600 0.40800 0.04000 0.04000
0.00000 0.90600 0.40600 0.04000 0.04000
0.00000 0.91400 0.29600 0.04000 0.04000
0.00000 0.77800 0.63600 0.04000 0.04000
0.00000 0.77000 0.74800 0.04000 0.04000
1.00000 0.89400 0.63800 0.04000 0.04000
1.00000 0.89800 0.52600 0.04000 0.04000
3.00000 0.99200 0.76000 0.04000 0.04000
3.00000 0.99200 0.64800 0.04000 0.04000
0.00000 0.36800 0.72800 0.04000 0.04000
0.00000 0.28000 0.80000 0.04000 0.04000
0.00000 0.19400 0.87800 0.04000 0.04000
0.00000 0.10800 0.95200 0.04000 0.04000
3.00000 0.14200 0.99200 0.04000 0.04000
3.00000 0.29400 0.99200 0.04000 0.04000
1.00000 0.44200 0.98400 0.04000 0.04000
1.00000 0.52800 0.91000 0.04000 0.04000
0.00000 0.05800 0.54600 0.04000 0.04000
0.00000 0.14400 0.47000 0.04000 0.04000
3.00000 0.00600 0.30800 0.04000 0.04000
3.00000 0.00600 0.48400 0.04000 0.04000
