0.00000 0.72400 0.36800 0.04000 0.04000
0.00000 0.72600 0.70200 0.04000 0.04000
1.00000 0.86800 0.37000 0.04000 0.04000
1.00000 0.87400 0.69600 0.04000 0.04000
0.00000 0.71800 0.04600 0.04000 0.04000
1.00000 0.86000 0.04400 0.04000 0.04000
3.00000 0.36400 0.28800 0.04000 0.04000
0.00000 0.38200 0.27600 0.04000 0.04000
0.00000 0.46000 0.35600 0.04000 0.04000
0.00000 0.37600 0.44600 0.04000 0.04000
0.00000 0.46000 0.18400 0.04000 0.04000
0.00000 0.37800 0.11200 0.04000 0.04000
0.00000 0.46400 0.02200 0.04000 0.04000
1.00000 0.29200 0.19400 0.04000 0.04000
1.00000 0.21000 0.12000 0.04000 0.04000
1.00000 0.21200 0.28200 0.04000 0.04000
0.00000 0.04200 0.45800 0.04000 0.04000
0.00000 0.12000 0.37000 0.04000 0.04000
1.00000 0.21000 0.45200 0.04000 0.04000
1.00000 0.29000 0.52600 0.04000 0.04000
0.00000 0.12400 0.70800 0.04000 0.04000
1.00000 0.28800 0.70000 0.04000 0.04000
0.00000 0.52600 0.97200 0.04000 0.04000
0.00000 0.02600 0.98200 0.04000 0.04000
1.00000 0.27600 0.97600 0.04000 0.04000
