0.00000 0.68200 0.46600 0.04000 0.04000
0.00000 0.79200 0.44600 0.04000 0.04000
0.00000 0.77000 0.31800 0.04000 0.04000
0.00000 0.88000 0.30200 0.04000 0.04000
0.00000 0.90600 0.41600 0.04000 0.04000
1.00000 0.92400 0.53600 0.04000 0.04000
1.00000 0.81600 0.55400 0.04000 0.04000
1.00000 0.83600 0.68000 0.04000 0.04000
1.00000 0.72400 0.69800 0.04000 0.04000
1.00000 0.46200 0.27400 0.04000 0.04000
1.00000 0.36000 0.20600 0.04000 0.04000
1.00000 0.27000 0.14200 0.04000 0.04000
1.00000 0.17600 0.07600 0.04000 0.04000
1.00000 0.08000 0.01400 0.04000 0.04000
0.00000 0.03400 0.28400 0.04000 0.04000
0.00000 0.12800 0.35000 0.04000 0.04000
0.00000 0.22400 0.41200 0.04000 0.04000
0.00000 0.32000 0.47800 0.04000 0.04000
0.00000 0.59800 0.06800 0.04000 0.04000
0.00000 0.12800 0.76000 0.04000 0.04000
0.00000 0.03200 0.69600 0.04000 0.04000
3.00000 0.00600 0.73800 0.04000 0.04000
3.00000 0.00600 0.94600 0.04000 0.04000
0.00000 0.50800 0.00600 0.04000 0.04000
