0.00000 0.34200 0.08600 0.04000 0.04000
0.00000 0.34800 0.28800 0.04000 0.04000
0.00000 0.35400 0.49400 0.04000 0.04000
0.00000 0.36000 0.69400 0.04000 0.04000
0.00000 0.36800 0.89000 0.04000 0.04000
0.00000 0.62000 0.88600 0.04000 0.04000
0.00000 0.61600 0.68600 0.04000 0.04000
0.00000 0.60400 0.48200 0.04000 0.04000
0.00000 0.59800 0.28400 0.04000 0.04000
0.00000 0.59000 0.08600 0.04000 0.04000
1.00000 0.14600 0.17600 0.04000 0.04000
1.00000 0.15000 0.37800 0.04000 0.04000
1.00000 0.15600 0.57600 0.04000 0.04000
1.00000 0.16600 0.77400 0.04000 0.04000
1.00000 0.17400 0.97200 0.04000 0.04000
1.00000 0.07000 0.97600 0.04000 0.04000
1.00000 0.06000 0.77400 0.04000 0.04000
1.00000 0.05400 0.57600 0.04000 0.04000
1.00000 0.04600 0.37000 0.04000 0.04000
1.00000 0.04400 0.17600 0.04000 0.04000
1.00000 0.79400 0.15000 0.04000 0.04000
1.00000 0.79600 0.34800 0.04000 0.04000
1.00000 0.80600 0.55000 0.04000 0.04000
1.00000 0.81000 0.74800 0.04000 0.04000
1.00000 0.81800 0.95600 0.04000 0.04000
1.00000 0.92200 0.95200 0.04000 0.04000
1.00000 0.91600 0.75200 0.04000 0.04000
1.00000 0.90600 0.55000 0.04000 0.04000
1.00000 0.90000 0.35400 0.04000 0.04000
1.00000 0.89200 0.14800 0.04000 0.04000
