0.00000 0.38800 0.36600 0.04000 0.04000
0.00000 0.37000 0.48000 0.04000 0.04000
0.00000 0.66200 0.64400 0.04000 0.04000
0.00000 0.68000 0.52800 0.04000 0.04000
0.00000 0.64600 0.75200 0.04000 0.04000
0.00000 0.62400 0.86600 0.04000 0.04000
0.00000 0.71600 0.30400 0.04000 0.04000
0.00000 0.73200 0.19200 0.04000 0.04000
0.00000 0.74800 0.06800 0.04000 0.04000
0.00000 0.44600 0.02400 0.04000 0.04000
0.00000 0.42400 0.13800 0.04000 0.04000
0.00000 0.40800 0.25000 0.04000 0.04000
1.00000 0.92400 0.57000 0.04000 0.04000
1.00000 0.90400 0.68200 0.04000 0.04000
1.00000 0.88800 0.79200 0.04000 0.04000
1.00000 0.12600 0.44000 0.04000 0.04000
1.00000 0.14400 0.32800 0.04000 0.04000
0.00000 0.33600 0.70800 0.04000 0.04000
3.00000 0.35600 0.24400 0.04000 0.04000
3.00000 0.35600 0.24400 0.04000 0.04000
1.00000 0.95600 0.34200 0.04000 0.04000
