3.00000 0.30600 0.71800 0.04000 0.04000
3.00000 0.23600 0.81200 0.04000 0.04000
3.00000 0.66000 0.84000 0.04000 0.04000
1.00000 0.90600 0.80600 0.04000 0.04000
3.00000 0.94800 0.70000 0.04000 0.04000
3.00000 0.98600 0.58600 0.04000 0.04000
0.00000 0.74400 0.50200 0.04000 0.04000
0.00000 0.70800 0.60600 0.04000 0.04000
0.00000 0.66800 0.71600 0.04000 0.04000
0.00000 0.63200 0.83200 0.04000 0.04000
0.00000 0.59200 0.93800 0.04000 0.04000
3.00000 0.74000 0.99200 0.04000 0.04000
0.00000 0.30200 0.83600 0.04000 0.04000
0.00000 0.34000 0.72200 0.04000 0.04000
0.00000 0.71600 0.27800 0.04000 0.04000
3.00000 0.80200 0.04400 0.04000 0.04000
1.00000 0.68800 0.01000 0.04000 0.04000
3.00000 0.57200 0.00400 0.04000 0.04000
3.00000 0.45000 0.00600 0.04000 0.04000
3.00000 0.30400 0.08600 0.04000 0.04000
3.00000 0.21000 0.00400 0.04000 0.04000
3.00000 0.08400 0.02600 0.04000 0.04000
0.00000 0.07000 0.05800 0.04000 0.04000
0.00000 0.18000 0.08800 0.04000 0.04000
0.00000 0.28200 0.12800 0.04000 0.04000
0.00000 0.38800 0.16400 0.04000 0.04000
0.00000 0.50000 0.20000 0.04000 0.04000
0.00000 0.61400 0.24000 0.04000 0.04000
