0.00000 0.28800 0.34400 0.04000 0.04000
0.00000 0.21400 0.43400 0.04000 0.04000
0.00000 0.29200 0.50600 0.04000 0.04000
0.00000 0.22000 0.59000 0.04000 0.04000
0.00000 0.30000 0.67000 0.04000 0.04000
0.00000 0.22400 0.75600 0.04000 0.04000
0.00000 0.30400 0.83200 0.04000 0.04000
0.00000 0.23000 0.92200 0.04000 0.04000
0.00000 0.31200 0.99000 0.04000 0.04000
1.00000 0.13000 0.84000 0.04000 0.04000
1.00000 0.05000 0.77000 0.04000 0.04000
1.00000 0.12800 0.68200 0.04000 0.04000
1.00000 0.04200 0.61200 0.04000 0.04000
1.00000 0.12200 0.51600 0.04000 0.04000
1.00000 0.03800 0.45000 0.04000 0.04000
0.00000 0.11600 0.35800 0.04000 0.04000
0.00000 0.03600 0.28200 0.04000 0.04000
0.00000 0.20000 0.27000 0.04000 0.04000
1.00000 0.06400 0.93400 0.04000 0.04000
3.00000 0.16200 0.98800 0.04000 0.04000
