0.00000 0.45400 0.29600 0.04000 0.04000
0.00000 0.38000 0.38400 0.04000 0.04000
1.00000 0.25800 0.14600 0.04000 0.04000
1.00000 0.18400 0.23200 0.04000 0.04000
0.00000 0.31200 0.47800 0.04000 0.04000
1.00000 0.11400 0.33000 0.04000 0.04000
1.00000 0.04200 0.41800 0.04000 0.04000
0.00000 0.24200 0.57000 0.04000 0.04000
0.00000 0.17400 0.66400 0.04000 0.04000
3.00000 0.16000 0.65400 0.04000 0.04000
3.00000 0.49400 0.18400 0.04000 0.04000
0.00000 0.52400 0.20400 0.04000 0.04000
0.00000 0.78200 0.37800 0.04000 0.04000
0.00000 0.84200 0.30200 0.04000 0.04000
1.00000 0.97600 0.53200 0.04000 0.04000
3.00000 0.93600 0.23200 0.04000 0.04000
0.00000 0.91400 0.21200 0.04000 0.04000
0.00000 0.97400 0.12800 0.04000 0.04000
3.00000 0.99200 0.14200 0.04000 0.04000
