0.00000 0.74800 0.01000 0.04000 0.04000
0.00000 0.73200 0.33200 0.04000 0.04000
0.00000 0.68600 0.98000 0.04000 0.04000
0.00000 0.70600 0.65800 0.04000 0.04000
1.00000 0.85400 0.66600 0.04000 0.04000
1.00000 0.83600 0.98800 0.04000 0.04000
1.00000 0.87400 0.34200 0.04000 0.04000
1.00000 0.89400 0.01400 0.04000 0.04000
0.00000 0.38400 0.13400 0.04000 0.04000
0.00000 0.30000 0.21200 0.04000 0.04000
0.00000 0.22000 0.12800 0.04000 0.04000
0.00000 0.13600 0.19600 0.04000 0.04000
0.00000 0.05600 0.11600 0.04000 0.04000
1.00000 0.13600 0.02600 0.04000 0.04000
3.00000 0.11200 0.00400 0.04000 0.04000
3.00000 0.00800 0.05200 0.04000 0.04000
0.00000 0.30000 0.03800 0.04000 0.04000
3.00000 0.27200 0.00400 0.04000 0.04000
0.00000 0.17800 0.61200 0.04000 0.04000
0.00000 0.08800 0.68000 0.04000 0.04000
0.00000 0.01000 0.59800 0.04000 0.04000
1.00000 0.33200 0.78800 0.04000 0.04000
1.00000 0.24600 0.86400 0.04000 0.04000
1.00000 0.17200 0.78400 0.04000 0.04000
1.00000 0.08600 0.85400 0.04000 0.04000
0.00000 0.16600 0.95200 0.04000 0.04000
0.00000 0.33400 0.96000 0.04000 0.04000
