0.00000 0.67800 0.48600 0.04000 0.04000
0.00000 0.77000 0.42600 0.04000 0.04000
0.00000 0.83800 0.52000 0.04000 0.04000
0.00000 0.74400 0.59600 0.04000 0.04000
0.00000 0.65600 0.65600 0.04000 0.04000
1.00000 0.81400 0.68400 0.04000 0.04000
1.00000 0.90600 0.61600 0.04000 0.04000
1.00000 0.79200 0.85000 0.04000 0.04000
1.00000 0.88800 0.79000 0.04000 0.04000
0.00000 0.41600 0.33200 0.04000 0.04000
0.00000 0.30200 0.31400 0.04000 0.04000
0.00000 0.19000 0.29600 0.04000 0.04000
0.00000 0.07400 0.27400 0.04000 0.04000
1.00000 0.03200 0.51800 0.04000 0.04000
1.00000 0.14800 0.54000 0.04000 0.04000
1.00000 0.26200 0.55600 0.04000 0.04000
1.00000 0.37400 0.57600 0.04000 0.04000
0.00000 0.33600 0.82200 0.04000 0.04000
0.00000 0.22400 0.80200 0.04000 0.04000
0.00000 0.10800 0.78400 0.04000 0.04000
3.00000 0.00600 0.69200 0.04000 0.04000
