3.00000 0.35600 0.72800 0.04000 0.04000
3.00000 0.35400 0.84400 0.04000 0.04000
0.00000 0.38800 0.84400 0.04000 0.04000
0.00000 0.39600 0.73000 0.04000 0.04000
0.00000 0.40600 0.62200 0.04000 0.04000
0.00000 0.37800 0.95800 0.04000 0.04000
1.00000 0.13200 0.94000 0.04000 0.04000
1.00000 0.13600 0.82400 0.04000 0.04000
1.00000 0.14600 0.71000 0.04000 0.04000
1.00000 0.15800 0.60200 0.04000 0.04000
1.00000 0.96400 0.67000 0.04000 0.04000
1.00000 0.95000 0.83200 0.04000 0.04000
1.00000 0.93800 0.99200 0.04000 0.04000
0.00000 0.69000 0.97600 0.04000 0.04000
0.00000 0.70600 0.81200 0.04000 0.04000
0.00000 0.72000 0.64600 0.04000 0.04000
