1.00000 0.16400 0.45200 0.04000 0.04000
1.00000 0.17000 0.57200 0.04000 0.04000
1.00000 0.17800 0.68600 0.04000 0.04000
1.00000 0.18400 0.79800 0.04000 0.04000
1.00000 0.19000 0.91600 0.04000 0.04000
1.00000 0.15600 0.34200 0.04000 0.04000
1.00000 0.15200 0.22800 0.04000 0.04000
1.00000 0.14000 0.11400 0.04000 0.04000
0.00000 0.39000 0.09800 0.04000 0.04000
0.00000 0.39400 0.21200 0.04000 0.04000
0.00000 0.40400 0.32600 0.04000 0.04000
0.00000 0.41400 0.43800 0.04000 0.04000
0.00000 0.41800 0.55400 0.04000 0.04000
0.00000 0.42400 0.67000 0.04000 0.04000
0.00000 0.43200 0.78200 0.04000 0.04000
0.00000 0.43600 0.89800 0.04000 0.04000
0.00000 0.61200 0.32200 0.04000 0.04000
0.00000 0.63000 0.64800 0.04000 0.04000
0.00000 0.64800 0.97000 0.04000 0.04000
1.00000 0.79600 0.96400 0.04000 0.04000
1.00000 0.77600 0.63800 0.04000 0.04000
1.00000 0.75600 0.31400 0.04000 0.04000
