3.00000 0.77000 0.87200 0.04000 0.04000
3.00000 0.80000 0.98400 0.04000 0.04000
0.00000 0.76000 0.98800 0.04000 0.04000
0.00000 0.74400 0.87600 0.04000 0.04000
0.00000 0.73400 0.75200 0.04000 0.04000
0.00000 0.71400 0.59200 0.04000 0.04000
0.00000 0.69800 0.43000 0.04000 0.04000
1.00000 0.93800 0.40400 0.04000 0.04000
1.00000 0.95800 0.56000 0.04000 0.04000
1.00000 0.97600 0.72200 0.04000 0.04000
0.00000 0.43400 0.88600 0.04000 0.04000
0.00000 0.42000 0.77200 0.04000 0.04000
0.00000 0.40800 0.66000 0.04000 0.04000
0.00000 0.39400 0.54400 0.04000 0.04000
0.00000 0.38400 0.43200 0.04000 0.04000
1.00000 0.13000 0.45800 0.04000 0.04000
1.00000 0.14600 0.57600 0.04000 0.04000
1.00000 0.15800 0.69000 0.04000 0.04000
1.00000 0.18800 0.91800 0.04000 0.04000
3.00000 0.40200 0.77800 0.04000 0.04000
