0.00000 0.87800 0.38600 0.04000 0.04000
1.00000 0.95200 0.62400 0.04000 0.04000
3.00000 0.98600 0.37800 0.04000 0.04000
0.00000 0.97800 0.35800 0.04000 0.04000
3.00000 0.76200 0.06200 0.04000 0.04000
3.00000 0.62600 0.00400 0.04000 0.04000
3.00000 0.26600 0.00800 0.04000 0.04000
3.00000 0.38600 0.00800 0.04000 0.04000
3.00000 0.52200 0.04800 0.04000 0.04000
0.00000 0.55400 0.15800 0.04000 0.04000
0.00000 0.66000 0.12000 0.04000 0.04000
0.00000 0.44200 0.19400 0.04000 0.04000
0.00000 0.33400 0.22600 0.04000 0.04000
3.00000 0.21200 0.23000 0.04000 0.04000
0.00000 0.22400 0.26200 0.04000 0.04000
0.00000 0.11400 0.29600 0.04000 0.04000
3.00000 0.10600 0.27000 0.04000 0.04000
0.00000 0.88600 0.06000 0.04000 0.04000
0.00000 0.77400 0.09200 0.04000 0.04000
0.00000 0.99200 0.02200 0.04000 0.04000
