3.00000 0.17800 0.55400 0.04000 0.04000
3.00000 0.14800 0.39000 0.04000 0.04000
3.00000 0.82000 0.65000 0.04000 0.04000
3.00000 0.94400 0.26800 0.04000 0.04000
0.00000 0.11000 0.04000 0.04000 0.04000
0.00000 0.20200 0.10200 0.04000 0.04000
0.00000 0.14000 0.20200 0.04000 0.04000
0.00000 0.23200 0.26800 0.04000 0.04000
0.00000 0.16800 0.37200 0.04000 0.04000
0.00000 0.26000 0.43200 0.04000 0.04000
0.00000 0.19400 0.54200 0.04000 0.04000
0.00000 0.28400 0.60000 0.04000 0.04000
0.00000 0.22000 0.70200 0.04000 0.04000
0.00000 0.31400 0.76400 0.04000 0.04000
0.00000 0.24800 0.86600 0.04000 0.04000
0.00000 0.34400 0.93000 0.04000 0.04000
1.00000 0.17400 0.96200 0.04000 0.04000
1.00000 0.08200 0.90400 0.04000 0.04000
1.00000 0.14800 0.79600 0.04000 0.04000
1.00000 0.00600 0.40600 0.04000 0.04000
1.00000 0.06600 0.30800 0.04000 0.04000
3.00000 0.01000 0.19400 0.04000 0.04000
1.00000 0.03800 0.14000 0.04000 0.04000
0.00000 0.71200 0.61000 0.04000 0.04000
0.00000 0.77600 0.50800 0.04000 0.04000
0.00000 0.68400 0.44200 0.04000 0.04000
0.00000 0.74600 0.34600 0.04000 0.04000
0.00000 0.65200 0.28600 0.04000 0.04000
0.00000 0.71800 0.19200 0.04000 0.04000
0.00000 0.61800 0.12000 0.04000 0.04000
0.00000 0.68600 0.03000 0.04000 0.04000
1.00000 0.79000 0.08600 0.04000 0.04000
3.00000 0.84200 0.00400 0.04000 0.04000
1.00000 0.88400 0.14000 0.04000 0.04000
3.00000 0.98400 0.00600 0.04000 0.04000
1.00000 0.95600 0.04200 0.04000 0.04000
1.00000 0.82200 0.24200 0.04000 0.04000
1.00000 0.92000 0.31000 0.04000 0.04000
1.00000 0.85400 0.41200 0.04000 0.04000
1.00000 0.96800 0.64000 0.04000 0.04000
1.00000 0.91000 0.74000 0.04000 0.04000
0.00000 0.76400 0.94200 0.04000 0.04000
0.00000 0.83400 0.84400 0.04000 0.04000
0.00000 0.73800 0.77600 0.04000 0.04000
