0.00000 0.38600 0.42000 0.04000 0.04000
0.00000 0.37600 0.62200 0.04000 0.04000
0.00000 0.36800 0.82000 0.04000 0.04000
3.00000 0.29000 0.70000 0.04000 0.04000
1.00000 0.19400 0.33600 0.04000 0.04000
1.00000 0.19800 0.13200 0.04000 0.04000
0.00000 0.62800 0.43200 0.04000 0.04000
0.00000 0.61400 0.63400 0.04000 0.04000
0.00000 0.60600 0.83400 0.04000 0.04000
1.00000 0.81400 0.75800 0.04000 0.04000
3.00000 0.69800 0.72000 0.04000 0.04000
1.00000 0.82800 0.36400 0.04000 0.04000
1.00000 0.83800 0.15600 0.04000 0.04000
1.00000 0.17600 0.73800 0.04000 0.04000
1.00000 0.16600 0.93600 0.04000 0.04000
1.00000 0.07200 0.92800 0.04000 0.04000
1.00000 0.07800 0.72600 0.04000 0.04000
1.00000 0.08600 0.53000 0.04000 0.04000
1.00000 0.09800 0.32800 0.04000 0.04000
1.00000 0.10400 0.12600 0.04000 0.04000
3.00000 0.80800 0.00800 0.04000 0.04000
0.00000 0.63200 0.23600 0.04000 0.04000
0.00000 0.64600 0.03000 0.04000 0.04000
1.00000 0.91400 0.77000 0.04000 0.04000
1.00000 0.90400 0.97200 0.04000 0.04000
1.00000 0.91800 0.56400 0.04000 0.04000
1.00000 0.92600 0.36600 0.04000 0.04000
1.00000 0.93600 0.16000 0.04000 0.04000
