0.00000 0.39400 0.58000 0.04000 0.04000
0.00000 0.35600 0.69000 0.04000 0.04000
0.00000 0.27400 0.53000 0.04000 0.04000
0.00000 0.31200 0.43200 0.04000 0.04000
1.00000 0.09000 0.34800 0.04000 0.04000
1.00000 0.05000 0.45000 0.04000 0.04000
1.00000 0.16600 0.50400 0.04000 0.04000
1.00000 0.12600 0.60800 0.04000 0.04000
0.00000 0.24800 0.65200 0.04000 0.04000
0.00000 0.21000 0.76000 0.04000 0.04000
0.00000 0.10000 0.72200 0.04000 0.04000
0.00000 0.06400 0.82000 0.04000 0.04000
3.00000 0.00600 0.68000 0.04000 0.04000
3.00000 0.00600 0.80400 0.04000 0.04000
1.00000 0.01800 0.56600 0.04000 0.04000
1.00000 0.86200 0.39800 0.04000 0.04000
1.00000 0.72400 0.10600 0.04000 0.04000
1.00000 0.99200 0.69000 0.04000 0.04000
0.00000 0.86800 0.75400 0.04000 0.04000
0.00000 0.73000 0.45800 0.04000 0.04000
0.00000 0.59200 0.16400 0.04000 0.04000
