0.00000 0.36600 0.50800 0.04000 0.04000
0.00000 0.38400 0.30800 0.04000 0.04000
0.00000 0.61000 0.73800 0.04000 0.04000
0.00000 0.63000 0.53800 0.04000 0.04000
1.00000 0.85600 0.27400 0.04000 0.04000
1.00000 0.87800 0.07600 0.04000 0.04000
0.00000 0.65200 0.33600 0.04000 0.04000
0.00000 0.40400 0.10800 0.04000 0.04000
3.00000 0.34600 0.00800 0.04000 0.04000
1.00000 0.21600 0.01800 0.04000 0.04000
1.00000 0.11800 0.00400 0.04000 0.04000
1.00000 0.10000 0.20200 0.04000 0.04000
1.00000 0.08000 0.40400 0.04000 0.04000
1.00000 0.05800 0.60400 0.04000 0.04000
1.00000 0.03800 0.80200 0.04000 0.04000
1.00000 0.13400 0.80800 0.04000 0.04000
3.00000 0.27600 0.81600 0.04000 0.04000
3.00000 0.27800 0.58800 0.04000 0.04000
0.00000 0.34600 0.70600 0.04000 0.04000
0.00000 0.32600 0.90400 0.04000 0.04000
1.00000 0.19400 0.21200 0.04000 0.04000
0.00000 0.67000 0.13600 0.04000 0.04000
3.00000 0.77800 0.01000 0.04000 0.04000
0.00000 0.59000 0.94000 0.04000 0.04000
1.00000 0.81600 0.68000 0.04000 0.04000
3.00000 0.66200 0.67400 0.04000 0.04000
1.00000 0.93400 0.48200 0.04000 0.04000
1.00000 0.91400 0.68200 0.04000 0.04000
1.00000 0.89400 0.88600 0.04000 0.04000
1.00000 0.95600 0.28600 0.04000 0.04000
1.00000 0.97000 0.09000 0.04000 0.04000
