0.00000 0.40800 0.38800 0.04000 0.04000
0.00000 0.33000 0.47400 0.04000 0.04000
0.00000 0.26400 0.56200 0.04000 0.04000
0.00000 0.19000 0.65200 0.04000 0.04000
0.00000 0.11800 0.74000 0.04000 0.04000
0.00000 0.04600 0.83000 0.04000 0.04000
1.00000 0.21400 0.22800 0.04000 0.04000
1.00000 0.14000 0.32400 0.04000 0.04000
1.00000 0.06600 0.41000 0.04000 0.04000
1.00000 0.00600 0.49800 0.04000 0.04000
3.00000 0.00800 0.65000 0.04000 0.04000
3.00000 0.00600 0.80200 0.04000 0.04000
3.00000 0.42600 0.99000 0.04000 0.04000
3.00000 0.60400 0.98800 0.04000 0.04000
1.00000 0.72000 0.93200 0.04000 0.04000
1.00000 0.79200 0.84600 0.04000 0.04000
1.00000 0.86600 0.75400 0.04000 0.04000
0.00000 0.67000 0.60000 0.04000 0.04000
0.00000 0.60200 0.68800 0.04000 0.04000
0.00000 0.52800 0.77800 0.04000 0.04000
0.00000 0.45600 0.86600 0.04000 0.04000
0.00000 0.38400 0.95800 0.04000 0.04000
0.00000 0.02400 0.07400 0.04000 0.04000
