0.00000 0.30200 0.06200 0.04000 0.04000
0.00000 0.37800 0.14200 0.04000 0.04000
1.00000 0.21000 0.14200 0.04000 0.04000
0.00000 0.78400 0.24400 0.04000 0.04000
0.00000 0.87200 0.15400 0.04000 0.04000
0.00000 0.79200 0.07600 0.04000 0.04000
0.00000 0.86600 0.32000 0.04000 0.04000
0.00000 0.78200 0.40800 0.04000 0.04000
0.00000 0.86200 0.49000 0.04000 0.04000
0.00000 0.78000 0.57000 0.04000 0.04000
0.00000 0.86000 0.64800 0.04000 0.04000
0.00000 0.78000 0.73400 0.04000 0.04000
0.00000 0.85600 0.81200 0.04000 0.04000
0.00000 0.77800 0.89800 0.04000 0.04000
0.00000 0.85600 0.98000 0.04000 0.04000
1.00000 0.95000 0.89200 0.04000 0.04000
1.00000 0.95200 0.72400 0.04000 0.04000
1.00000 0.95400 0.56400 0.04000 0.04000
1.00000 0.95400 0.23800 0.04000 0.04000
1.00000 0.95800 0.07200 0.04000 0.04000
0.00000 0.37600 0.30600 0.04000 0.04000
0.00000 0.29800 0.39000 0.04000 0.04000
0.00000 0.37400 0.47000 0.04000 0.04000
0.00000 0.29800 0.55000 0.04000 0.04000
0.00000 0.37000 0.63600 0.04000 0.04000
0.00000 0.29200 0.71400 0.04000 0.04000
0.00000 0.37200 0.79600 0.04000 0.04000
0.00000 0.29200 0.88000 0.04000 0.04000
0.00000 0.37400 0.96200 0.04000 0.04000
1.00000 0.19600 0.96200 0.04000 0.04000
1.00000 0.12200 0.88400 0.04000 0.04000
1.00000 0.19600 0.79600 0.04000 0.04000
1.00000 0.12000 0.72000 0.04000 0.04000
1.00000 0.20000 0.63600 0.04000 0.04000
1.00000 0.12000 0.55800 0.04000 0.04000
1.00000 0.20400 0.47800 0.04000 0.04000
1.00000 0.13000 0.22600 0.04000 0.04000
3.00000 0.29400 0.22600 0.04000 0.04000
