0.00000 0.73200 0.32600 0.04000 0.04000
0.00000 0.72000 0.64800 0.04000 0.04000
0.00000 0.70200 0.97800 0.04000 0.04000
1.00000 0.85000 0.98400 0.04000 0.04000
1.00000 0.86200 0.66000 0.04000 0.04000
1.00000 0.88000 0.33400 0.04000 0.04000
1.00000 0.89400 0.01000 0.04000 0.04000
0.00000 0.75000 0.00400 0.04000 0.04000
0.00000 0.48600 0.13000 0.04000 0.04000
0.00000 0.40200 0.21000 0.04000 0.04000
0.00000 0.47400 0.29400 0.04000 0.04000
3.00000 0.36800 0.39200 0.04000 0.04000
3.00000 0.38800 0.22000 0.04000 0.04000
0.00000 0.41200 0.04400 0.04000 0.04000
1.00000 0.31400 0.12200 0.04000 0.04000
1.00000 0.24200 0.04000 0.04000 0.04000
1.00000 0.22800 0.21200 0.04000 0.04000
0.00000 0.05400 0.37000 0.04000 0.04000
0.00000 0.06000 0.20400 0.04000 0.04000
0.00000 0.13400 0.28400 0.04000 0.04000
0.00000 0.11600 0.62000 0.04000 0.04000
1.00000 0.20400 0.54600 0.04000 0.04000
1.00000 0.28000 0.63000 0.04000 0.04000
1.00000 0.22000 0.37200 0.04000 0.04000
0.00000 0.49800 0.91400 0.04000 0.04000
1.00000 0.25000 0.90400 0.04000 0.04000
