0.00000 0.40800 0.74600 0.04000 0.04000
0.00000 0.49000 0.66600 0.04000 0.04000
0.00000 0.32400 0.66400 0.04000 0.04000
0.00000 0.24200 0.74000 0.04000 0.04000
0.00000 0.57600 0.75000 0.04000 0.04000
0.00000 0.65600 0.67000 0.04000 0.04000
0.00000 0.74200 0.75200 0.04000 0.04000
0.00000 0.82200 0.67400 0.04000 0.04000
0.00000 0.90800 0.75600 0.04000 0.04000
0.00000 0.99000 0.67800 0.04000 0.04000
1.00000 0.82600 0.84400 0.04000 0.04000
1.00000 0.74600 0.92000 0.04000 0.04000
1.00000 0.66000 0.83800 0.04000 0.04000
1.00000 0.58000 0.91600 0.04000 0.04000
1.00000 0.49200 0.83600 0.04000 0.04000
1.00000 0.41200 0.91400 0.04000 0.04000
0.00000 0.24400 0.90600 0.04000 0.04000
0.00000 0.42600 0.26200 0.04000 0.04000
0.00000 0.50200 0.18000 0.04000 0.04000
0.00000 0.58600 0.26000 0.04000 0.04000
1.00000 0.25200 0.08800 0.04000 0.04000
1.00000 0.33400 0.00800 0.04000 0.04000
1.00000 0.41600 0.08600 0.04000 0.04000
0.00000 0.75000 0.25800 0.04000 0.04000
3.00000 0.66800 0.17800 0.04000 0.04000
1.00000 0.66400 0.01600 0.04000 0.04000
1.00000 0.74800 0.09400 0.04000 0.04000
0.00000 0.83200 0.18200 0.04000 0.04000
0.00000 0.92200 0.26600 0.04000 0.04000
