0.00000 0.79000 0.37400 0.04000 0.04000
0.00000 0.71000 0.29600 0.04000 0.04000
0.00000 0.78800 0.21600 0.04000 0.04000
0.00000 0.71200 0.13200 0.04000 0.04000
0.00000 0.79000 0.05400 0.04000 0.04000
0.00000 0.71000 0.45800 0.04000 0.04000
0.00000 0.79000 0.53600 0.04000 0.04000
0.00000 0.71400 0.62400 0.04000 0.04000
0.00000 0.79200 0.70000 0.04000 0.04000
0.00000 0.71200 0.78800 0.04000 0.04000
0.00000 0.79200 0.86600 0.04000 0.04000
0.00000 0.71200 0.95000 0.04000 0.04000
0.00000 0.29600 0.85600 0.04000 0.04000
0.00000 0.21600 0.77800 0.04000 0.04000
0.00000 0.30000 0.69200 0.04000 0.04000
0.00000 0.22000 0.61200 0.04000 0.04000
0.00000 0.30400 0.52400 0.04000 0.04000
0.00000 0.22800 0.44200 0.04000 0.04000
0.00000 0.30200 0.36000 0.04000 0.04000
0.00000 0.22200 0.28000 0.04000 0.04000
0.00000 0.30000 0.19800 0.04000 0.04000
0.00000 0.22200 0.11600 0.04000 0.04000
0.00000 0.30000 0.03800 0.04000 0.04000
1.00000 0.12800 0.20600 0.04000 0.04000
1.00000 0.05400 0.12400 0.04000 0.04000
1.00000 0.05000 0.29000 0.04000 0.04000
1.00000 0.13000 0.36800 0.04000 0.04000
1.00000 0.05400 0.45200 0.04000 0.04000
1.00000 0.13200 0.53400 0.04000 0.04000
1.00000 0.05000 0.61800 0.04000 0.04000
1.00000 0.13000 0.69200 0.04000 0.04000
1.00000 0.04800 0.78600 0.04000 0.04000
1.00000 0.12800 0.86200 0.04000 0.04000
1.00000 0.21200 0.94800 0.04000 0.04000
1.00000 0.88400 0.77800 0.04000 0.04000
1.00000 0.96200 0.85600 0.04000 0.04000
1.00000 0.88000 0.94600 0.04000 0.04000
1.00000 0.96000 0.69000 0.04000 0.04000
1.00000 0.88400 0.61400 0.04000 0.04000
1.00000 0.95800 0.52800 0.04000 0.04000
1.00000 0.88200 0.45200 0.04000 0.04000
1.00000 0.96000 0.36800 0.04000 0.04000
1.00000 0.88200 0.28800 0.04000 0.04000
1.00000 0.96200 0.20400 0.04000 0.04000
1.00000 0.88400 0.12000 0.04000 0.04000
1.00000 0.96000 0.03800 0.04000 0.04000
