3.00000 0.21800 0.15800 0.04000 0.04000
3.00000 0.83600 0.86200 0.04000 0.04000
3.00000 0.22400 0.50000 0.04000 0.04000
0.00000 0.23600 0.13800 0.04000 0.04000
0.00000 0.32000 0.21000 0.04000 0.04000
0.00000 0.24400 0.30200 0.04000 0.04000
0.00000 0.32800 0.37800 0.04000 0.04000
0.00000 0.25200 0.46800 0.04000 0.04000
0.00000 0.33800 0.54600 0.04000 0.04000
0.00000 0.26200 0.63400 0.04000 0.04000
0.00000 0.34400 0.70800 0.04000 0.04000
0.00000 0.26800 0.80200 0.04000 0.04000
0.00000 0.35600 0.87800 0.04000 0.04000
0.00000 0.27600 0.96800 0.04000 0.04000
1.00000 0.18600 0.89200 0.04000 0.04000
1.00000 0.17600 0.72400 0.04000 0.04000
1.00000 0.08200 0.48600 0.04000 0.04000
1.00000 0.15800 0.39000 0.04000 0.04000
1.00000 0.07600 0.32200 0.04000 0.04000
0.00000 0.73000 0.28800 0.04000 0.04000
0.00000 0.81000 0.35800 0.04000 0.04000
0.00000 0.82400 0.51800 0.04000 0.04000
0.00000 0.74200 0.44600 0.04000 0.04000
0.00000 0.74800 0.61400 0.04000 0.04000
0.00000 0.83600 0.68400 0.04000 0.04000
1.00000 0.98800 0.50200 0.04000 0.04000
1.00000 0.91600 0.59200 0.04000 0.04000
0.00000 0.75800 0.77600 0.04000 0.04000
1.00000 0.90200 0.26200 0.04000 0.04000
1.00000 0.89000 0.09600 0.04000 0.04000
1.00000 0.97400 0.17000 0.04000 0.04000
