0.00000 0.68600 0.38000 0.04000 0.04000
3.00000 0.75800 0.27000 0.04000 0.04000
3.00000 0.74800 0.15400 0.04000 0.04000
1.00000 0.91600 0.63000 0.04000 0.04000
3.00000 0.93000 0.51800 0.04000 0.04000
3.00000 0.94400 0.40000 0.04000 0.04000
0.00000 0.68000 0.49200 0.04000 0.04000
0.00000 0.67000 0.60800 0.04000 0.04000
0.00000 0.65000 0.83800 0.04000 0.04000
1.00000 0.89400 0.86000 0.04000 0.04000
3.00000 0.26000 0.92000 0.04000 0.04000
3.00000 0.27400 0.80400 0.04000 0.04000
3.00000 0.30200 0.69400 0.04000 0.04000
1.00000 0.11000 0.56200 0.04000 0.04000
1.00000 0.12400 0.44400 0.04000 0.04000
0.00000 0.38000 0.35000 0.04000 0.04000
0.00000 0.37200 0.46600 0.04000 0.04000
0.00000 0.36200 0.58000 0.04000 0.04000
0.00000 0.35200 0.69600 0.04000 0.04000
0.00000 0.34000 0.81000 0.04000 0.04000
0.00000 0.33000 0.92600 0.04000 0.04000
0.00000 0.70000 0.26400 0.04000 0.04000
0.00000 0.71200 0.14800 0.04000 0.04000
