3.00000 0.32400 0.73400 0.04000 0.04000
3.00000 0.28200 0.39000 0.04000 0.04000
3.00000 0.30000 0.27000 0.04000 0.04000
3.00000 0.26600 0.16400 0.04000 0.04000
3.00000 0.74200 0.92400 0.04000 0.04000
3.00000 0.36600 0.95800 0.04000 0.04000
0.00000 0.39200 0.96000 0.04000 0.04000
0.00000 0.38000 0.84600 0.04000 0.04000
0.00000 0.37400 0.73000 0.04000 0.04000
0.00000 0.36000 0.61600 0.04000 0.04000
0.00000 0.35000 0.50200 0.04000 0.04000
0.00000 0.33600 0.38400 0.04000 0.04000
0.00000 0.32600 0.27400 0.04000 0.04000
0.00000 0.31600 0.15400 0.04000 0.04000
0.00000 0.30200 0.04200 0.04000 0.04000
0.00000 0.62400 0.12400 0.04000 0.04000
1.00000 0.87200 0.10400 0.04000 0.04000
0.00000 0.63800 0.24000 0.04000 0.04000
0.00000 0.64600 0.35600 0.04000 0.04000
1.00000 0.89600 0.33400 0.04000 0.04000
0.00000 0.66400 0.47200 0.04000 0.04000
1.00000 0.90400 0.44800 0.04000 0.04000
1.00000 0.91600 0.55800 0.04000 0.04000
1.00000 0.92800 0.67400 0.04000 0.04000
0.00000 0.68200 0.69800 0.04000 0.04000
0.00000 0.67000 0.58200 0.04000 0.04000
1.00000 0.11200 0.63400 0.04000 0.04000
1.00000 0.10200 0.52400 0.04000 0.04000
1.00000 0.05600 0.06200 0.04000 0.04000
1.00000 0.13400 0.86600 0.04000 0.04000
