0.00000 0.57200 0.14000 0.04000 0.04000
0.00000 0.57600 0.24600 0.04000 0.04000
0.00000 0.57600 0.36000 0.04000 0.04000
0.00000 0.57800 0.48000 0.04000 0.04000
0.00000 0.58000 0.59200 0.04000 0.04000
0.00000 0.58400 0.70400 0.04000 0.04000
0.00000 0.58600 0.81800 0.04000 0.04000
3.00000 0.61600 0.93600 0.04000 0.04000
0.00000 0.59200 0.93800 0.04000 0.04000
1.00000 0.83600 0.81400 0.04000 0.04000
1.00000 0.83200 0.70000 0.04000 0.04000
1.00000 0.83000 0.58400 0.04000 0.04000
1.00000 0.82800 0.47000 0.04000 0.04000
1.00000 0.82600 0.35400 0.04000 0.04000
1.00000 0.82000 0.24000 0.04000 0.04000
1.00000 0.81600 0.13000 0.04000 0.04000
