0.00000 0.38000 0.50200 0.04000 0.04000
0.00000 0.40000 0.30200 0.04000 0.04000
0.00000 0.36400 0.70200 0.04000 0.04000
0.00000 0.34600 0.90200 0.04000 0.04000
3.00000 0.29000 0.80600 0.04000 0.04000
1.00000 0.19400 0.40800 0.04000 0.04000
1.00000 0.21400 0.21200 0.04000 0.04000
1.00000 0.23200 0.01000 0.04000 0.04000
1.00000 0.11800 0.19800 0.04000 0.04000
1.00000 0.09600 0.40000 0.04000 0.04000
1.00000 0.07800 0.60000 0.04000 0.04000
1.00000 0.05800 0.80200 0.04000 0.04000
0.00000 0.67200 0.33000 0.04000 0.04000
0.00000 0.65000 0.53200 0.04000 0.04000
0.00000 0.63000 0.73400 0.04000 0.04000
0.00000 0.61000 0.93400 0.04000 0.04000
3.00000 0.65200 0.88600 0.04000 0.04000
3.00000 0.75800 0.59000 0.04000 0.04000
3.00000 0.74400 0.42000 0.04000 0.04000
1.00000 0.89400 0.07600 0.04000 0.04000
1.00000 0.95400 0.48400 0.04000 0.04000
1.00000 0.97000 0.27800 0.04000 0.04000
1.00000 0.93600 0.68000 0.04000 0.04000
1.00000 0.91400 0.88200 0.04000 0.04000
1.00000 0.82000 0.87200 0.04000 0.04000
