0.00000 0.17400 0.44800 0.04000 0.04000
0.00000 0.27000 0.51000 0.04000 0.04000
0.00000 0.21200 0.61600 0.04000 0.04000
0.00000 0.30600 0.66800 0.04000 0.04000
0.00000 0.25000 0.77400 0.04000 0.04000
0.00000 0.34200 0.83200 0.04000 0.04000
0.00000 0.01400 0.49400 0.04000 0.04000
0.00000 0.21000 0.15600 0.04000 0.04000
0.00000 0.18000 0.04200 0.04000 0.04000
3.00000 0.01000 0.08600 0.04000 0.04000
3.00000 0.01200 0.20200 0.04000 0.04000
1.00000 0.14400 0.71400 0.04000 0.04000
1.00000 0.08600 0.82200 0.04000 0.04000
1.00000 0.18200 0.87800 0.04000 0.04000
0.00000 0.28400 0.93800 0.04000 0.04000
0.00000 0.68800 0.51200 0.04000 0.04000
0.00000 0.78600 0.56600 0.04000 0.04000
0.00000 0.72800 0.67000 0.04000 0.04000
1.00000 0.85200 0.46000 0.04000 0.04000
1.00000 0.91000 0.36400 0.04000 0.04000
1.00000 0.81400 0.30600 0.04000 0.04000
1.00000 0.97600 0.25800 0.04000 0.04000
0.00000 0.76400 0.83000 0.04000 0.04000
0.00000 0.85800 0.88600 0.04000 0.04000
0.00000 0.79800 0.99200 0.04000 0.04000
1.00000 0.92600 0.78600 0.04000 0.04000
1.00000 0.98400 0.68000 0.04000 0.04000
0.00000 0.53400 0.07600 0.04000 0.04000
1.00000 0.78000 0.01600 0.04000 0.04000
