0.00000 0.25200 0.06200 0.04000 0.04000
0.00000 0.32000 0.14800 0.04000 0.04000
0.00000 0.23400 0.22400 0.04000 0.04000
0.00000 0.30400 0.31000 0.04000 0.04000
0.00000 0.21600 0.38400 0.04000 0.04000
0.00000 0.28400 0.47000 0.04000 0.04000
0.00000 0.19800 0.54800 0.04000 0.04000
0.00000 0.26600 0.63200 0.04000 0.04000
0.00000 0.17800 0.70800 0.04000 0.04000
0.00000 0.24800 0.79600 0.04000 0.04000
0.00000 0.15600 0.87400 0.04000 0.04000
0.00000 0.22600 0.96200 0.04000 0.04000
1.00000 0.05400 0.94600 0.04000 0.04000
3.00000 0.00600 0.84000 0.04000 0.04000
1.00000 0.07400 0.78200 0.04000 0.04000
1.00000 0.00800 0.70000 0.04000 0.04000
1.00000 0.09200 0.62000 0.04000 0.04000
1.00000 0.02600 0.53600 0.04000 0.04000
1.00000 0.11200 0.46000 0.04000 0.04000
1.00000 0.04000 0.37600 0.04000 0.04000
1.00000 0.12800 0.29800 0.04000 0.04000
1.00000 0.06000 0.21200 0.04000 0.04000
1.00000 0.14800 0.13600 0.04000 0.04000
1.00000 0.08000 0.05000 0.04000 0.04000
