0.00000 0.72200 0.38600 0.04000 0.04000
0.00000 0.57000 0.09200 0.04000 0.04000
0.00000 0.87200 0.67400 0.04000 0.04000
1.00000 0.85000 0.31600 0.04000 0.04000
1.00000 0.70000 0.02600 0.04000 0.04000
0.00000 0.32200 0.40200 0.04000 0.04000
0.00000 0.28400 0.51000 0.04000 0.04000
0.00000 0.40800 0.55400 0.04000 0.04000
0.00000 0.36800 0.66000 0.04000 0.04000
0.00000 0.26400 0.63000 0.04000 0.04000
0.00000 0.23000 0.73800 0.04000 0.04000
0.00000 0.12000 0.70400 0.04000 0.04000
0.00000 0.07600 0.80600 0.04000 0.04000
1.00000 0.14000 0.58200 0.04000 0.04000
1.00000 0.17400 0.47800 0.04000 0.04000
1.00000 0.08600 0.32800 0.04000 0.04000
1.00000 0.05200 0.43400 0.04000 0.04000
1.00000 0.03200 0.55600 0.04000 0.04000
1.00000 0.00600 0.66000 0.04000 0.04000
3.00000 0.00800 0.78400 0.04000 0.04000
1.00000 0.99200 0.60000 0.04000 0.04000
