3.00000 0.18800 0.20200 0.04000 0.04000
3.00000 0.79200 0.92000 0.04000 0.04000
0.00000 0.29400 0.25800 0.04000 0.04000
0.00000 0.20800 0.17800 0.04000 0.04000
0.00000 0.21800 0.34400 0.04000 0.04000
0.00000 0.30000 0.42400 0.04000 0.04000
0.00000 0.22000 0.51000 0.04000 0.04000
0.00000 0.30600 0.58400 0.04000 0.04000
0.00000 0.22400 0.67600 0.04000 0.04000
0.00000 0.31200 0.75400 0.04000 0.04000
0.00000 0.23600 0.84400 0.04000 0.04000
0.00000 0.31400 0.91600 0.04000 0.04000
0.00000 0.72200 0.82800 0.04000 0.04000
0.00000 0.79800 0.73400 0.04000 0.04000
0.00000 0.71400 0.65800 0.04000 0.04000
0.00000 0.71000 0.49000 0.04000 0.04000
0.00000 0.70200 0.33000 0.04000 0.04000
0.00000 0.78400 0.40800 0.04000 0.04000
1.00000 0.86400 0.15800 0.04000 0.04000
1.00000 0.94600 0.22600 0.04000 0.04000
1.00000 0.87400 0.31600 0.04000 0.04000
3.00000 0.96800 0.37800 0.04000 0.04000
1.00000 0.96000 0.55600 0.04000 0.04000
1.00000 0.88800 0.64800 0.04000 0.04000
1.00000 0.97600 0.88600 0.04000 0.04000
0.00000 0.72800 0.99200 0.04000 0.04000
1.00000 0.14800 0.93400 0.04000 0.04000
1.00000 0.14200 0.76600 0.04000 0.04000
1.00000 0.05600 0.52600 0.04000 0.04000
1.00000 0.13200 0.43400 0.04000 0.04000
1.00000 0.05000 0.35800 0.04000 0.04000
3.00000 0.79800 0.56600 0.04000 0.04000
