0.00000 0.28600 0.04600 0.04000 0.04000
0.00000 0.30000 0.21400 0.04000 0.04000
0.00000 0.23000 0.31400 0.04000 0.04000
0.00000 0.31400 0.38000 0.04000 0.04000
0.00000 0.24800 0.47600 0.04000 0.04000
0.00000 0.33200 0.54400 0.04000 0.04000
0.00000 0.26000 0.64400 0.04000 0.04000
0.00000 0.35000 0.71400 0.04000 0.04000
0.00000 0.28200 0.81000 0.04000 0.04000
0.00000 0.36600 0.87800 0.04000 0.04000
0.00000 0.29600 0.97600 0.04000 0.04000
1.00000 0.07600 0.50400 0.04000 0.04000
3.00000 0.22800 0.49200 0.04000 0.04000
1.00000 0.15000 0.40800 0.04000 0.04000
1.00000 0.04400 0.17000 0.04000 0.04000
1.00000 0.18400 0.73600 0.04000 0.04000
0.00000 0.71000 0.08600 0.04000 0.04000
0.00000 0.79800 0.15400 0.04000 0.04000
0.00000 0.72400 0.25600 0.04000 0.04000
0.00000 0.81600 0.32400 0.04000 0.04000
0.00000 0.74000 0.42200 0.04000 0.04000
0.00000 0.82800 0.49000 0.04000 0.04000
0.00000 0.75600 0.58800 0.04000 0.04000
0.00000 0.84200 0.65800 0.04000 0.04000
0.00000 0.77600 0.75200 0.04000 0.04000
0.00000 0.86200 0.81800 0.04000 0.04000
0.00000 0.79200 0.91600 0.04000 0.04000
1.00000 0.90400 0.39600 0.04000 0.04000
1.00000 0.97600 0.30000 0.04000 0.04000
1.00000 0.89000 0.23600 0.04000 0.04000
1.00000 0.94000 0.72600 0.04000 0.04000
3.00000 0.99200 0.65800 0.04000 0.04000
1.00000 0.87400 0.06600 0.04000 0.04000
3.00000 0.92000 0.00800 0.04000 0.04000
3.00000 0.77400 0.00600 0.04000 0.04000
3.00000 0.99000 0.09600 0.04000 0.04000
