0.00000 0.32600 0.58000 0.04000 0.04000
0.00000 0.28000 0.48200 0.04000 0.04000
0.00000 0.38800 0.42600 0.04000 0.04000
0.00000 0.34600 0.31800 0.04000 0.04000
0.00000 0.45000 0.26600 0.04000 0.04000
0.00000 0.40400 0.17000 0.04000 0.04000
0.00000 0.51200 0.11200 0.04000 0.04000
1.00000 0.29000 0.21400 0.04000 0.04000
1.00000 0.24400 0.11600 0.04000 0.04000
1.00000 0.18600 0.27200 0.04000 0.04000
1.00000 0.17000 0.52400 0.04000 0.04000
1.00000 0.10400 0.68800 0.04000 0.04000
0.00000 0.06600 0.31400 0.04000 0.04000
0.00000 0.85400 0.59600 0.04000 0.04000
0.00000 0.80800 0.49600 0.04000 0.04000
0.00000 0.75000 0.65000 0.04000 0.04000
0.00000 0.79600 0.75000 0.04000 0.04000
0.00000 0.69200 0.80400 0.04000 0.04000
0.00000 0.74000 0.91200 0.04000 0.04000
0.00000 0.85200 0.85800 0.04000 0.04000
0.00000 0.90200 0.96000 0.04000 0.04000
3.00000 0.99000 0.91800 0.04000 0.04000
3.00000 0.98400 0.79000 0.04000 0.04000
1.00000 0.95200 0.80200 0.04000 0.04000
0.00000 0.91400 0.44200 0.04000 0.04000
3.00000 0.99200 0.40600 0.04000 0.04000
0.00000 0.97200 0.28800 0.04000 0.04000
0.00000 0.92800 0.18800 0.04000 0.04000
0.00000 0.86800 0.33800 0.04000 0.04000
3.00000 0.99200 0.15400 0.04000 0.04000
0.00000 0.98600 0.03200 0.04000 0.04000
