0.00000 0.17000 0.45600 0.04000 0.04000
0.00000 0.23800 0.30600 0.04000 0.04000
0.00000 0.13000 0.35000 0.04000 0.04000
0.00000 0.19800 0.20400 0.04000 0.04000
0.00000 0.30000 0.15600 0.04000 0.04000
0.00000 0.26400 0.05600 0.04000 0.04000
0.00000 0.37000 0.01200 0.04000 0.04000
0.00000 0.76800 0.11000 0.04000 0.04000
0.00000 0.80600 0.21000 0.04000 0.04000
0.00000 0.70200 0.25800 0.04000 0.04000
0.00000 0.74400 0.36800 0.04000 0.04000
0.00000 0.63600 0.40800 0.04000 0.04000
0.00000 0.67600 0.51600 0.04000 0.04000
0.00000 0.56800 0.55800 0.04000 0.04000
0.00000 0.61000 0.66600 0.04000 0.04000
0.00000 0.50600 0.71000 0.04000 0.04000
0.00000 0.54600 0.81000 0.04000 0.04000
0.00000 0.66400 0.77200 0.04000 0.04000
0.00000 0.70600 0.87600 0.04000 0.04000
1.00000 0.77200 0.72200 0.04000 0.04000
1.00000 0.73200 0.61800 0.04000 0.04000
1.00000 0.93200 0.78600 0.04000 0.04000
1.00000 0.89200 0.68400 0.04000 0.04000
1.00000 0.83800 0.57400 0.04000 0.04000
1.00000 0.79600 0.47200 0.04000 0.04000
1.00000 0.89800 0.41800 0.04000 0.04000
1.00000 0.85800 0.31600 0.04000 0.04000
1.00000 0.96600 0.27200 0.04000 0.04000
1.00000 0.92800 0.17400 0.04000 0.04000
0.00000 0.87000 0.06200 0.04000 0.04000
1.00000 0.99000 0.02400 0.04000 0.04000
1.00000 0.01000 0.39400 0.04000 0.04000
1.00000 0.07200 0.24200 0.04000 0.04000
1.00000 0.03600 0.14000 0.04000 0.04000
1.00000 0.14000 0.09200 0.04000 0.04000
