0.00000 0.83800 0.25800 0.04000 0.04000
0.00000 0.75400 0.57200 0.04000 0.04000
0.00000 0.66400 0.88600 0.04000 0.04000
1.00000 0.80400 0.92600 0.04000 0.04000
1.00000 0.89200 0.61000 0.04000 0.04000
1.00000 0.98000 0.29200 0.04000 0.04000
0.00000 0.37000 0.58800 0.04000 0.04000
0.00000 0.27000 0.64200 0.04000 0.04000
0.00000 0.33200 0.76000 0.04000 0.04000
0.00000 0.23200 0.81200 0.04000 0.04000
0.00000 0.17400 0.71800 0.04000 0.04000
0.00000 0.07000 0.76800 0.04000 0.04000
0.00000 0.01800 0.67200 0.04000 0.04000
3.00000 0.00600 0.65000 0.04000 0.04000
1.00000 0.11200 0.60200 0.04000 0.04000
1.00000 0.21200 0.54800 0.04000 0.04000
1.00000 0.24800 0.37800 0.04000 0.04000
1.00000 0.15400 0.42800 0.04000 0.04000
