0.00000 0.36000 0.52600 0.04000 0.04000
0.00000 0.36200 0.40800 0.04000 0.04000
3.00000 0.32200 0.29200 0.04000 0.04000
0.00000 0.36000 0.29200 0.04000 0.04000
0.00000 0.36200 0.17800 0.04000 0.04000
3.00000 0.32600 0.06400 0.04000 0.04000
0.00000 0.36000 0.06200 0.04000 0.04000
0.00000 0.67400 0.17400 0.04000 0.04000
1.00000 0.91800 0.17400 0.04000 0.04000
3.00000 0.71200 0.28800 0.04000 0.04000
0.00000 0.67200 0.28800 0.04000 0.04000
0.00000 0.67400 0.40200 0.04000 0.04000
1.00000 0.91800 0.40600 0.04000 0.04000
1.00000 0.92000 0.52000 0.04000 0.04000
1.00000 0.92000 0.63200 0.04000 0.04000
0.00000 0.67400 0.63200 0.04000 0.04000
0.00000 0.67400 0.51800 0.04000 0.04000
3.00000 0.70800 0.74800 0.04000 0.04000
0.00000 0.67400 0.74800 0.04000 0.04000
0.00000 0.67600 0.87400 0.04000 0.04000
0.00000 0.67600 0.98600 0.04000 0.04000
1.00000 0.92000 0.98200 0.04000 0.04000
1.00000 0.11200 0.98400 0.04000 0.04000
3.00000 0.32400 0.86600 0.04000 0.04000
0.00000 0.35800 0.86800 0.04000 0.04000
0.00000 0.35800 0.97800 0.04000 0.04000
0.00000 0.36200 0.75000 0.04000 0.04000
0.00000 0.36000 0.63600 0.04000 0.04000
1.00000 0.11400 0.52400 0.04000 0.04000
1.00000 0.11400 0.63600 0.04000 0.04000
1.00000 0.11200 0.74800 0.04000 0.04000
1.00000 0.11000 0.18200 0.04000 0.04000
1.00000 0.11000 0.40600 0.04000 0.04000
0.00000 0.67200 0.05800 0.04000 0.04000
