0.00000 0.79200 0.44600 0.04000 0.04000
0.00000 0.71600 0.35800 0.04000 0.04000
3.00000 0.69400 0.22200 0.04000 0.04000
0.00000 0.63800 0.27200 0.04000 0.04000
3.00000 0.58800 0.16400 0.04000 0.04000
0.00000 0.56400 0.18600 0.04000 0.04000
3.00000 0.53000 0.06400 0.04000 0.04000
0.00000 0.48800 0.09600 0.04000 0.04000
0.00000 0.41400 0.00800 0.04000 0.04000
1.00000 0.90200 0.19400 0.04000 0.04000
1.00000 0.98000 0.28200 0.04000 0.04000
3.00000 0.77400 0.57200 0.04000 0.04000
0.00000 0.76000 0.55400 0.04000 0.04000
0.00000 0.67600 0.62200 0.04000 0.04000
0.00000 0.59000 0.70200 0.04000 0.04000
0.00000 0.50600 0.77600 0.04000 0.04000
1.00000 0.74800 0.89000 0.04000 0.04000
1.00000 0.66600 0.96200 0.04000 0.04000
0.00000 0.41600 0.85000 0.04000 0.04000
3.00000 0.43600 0.88400 0.04000 0.04000
0.00000 0.33000 0.92600 0.04000 0.04000
3.00000 0.38800 0.99200 0.04000 0.04000
0.00000 0.23600 0.28200 0.04000 0.04000
1.00000 0.05200 0.44400 0.04000 0.04000
1.00000 0.84000 0.81400 0.04000 0.04000
