0.00000 0.38600 0.84800 0.04000 0.04000
3.00000 0.29200 0.99200 0.04000 0.04000
0.00000 0.38200 0.65000 0.04000 0.04000
1.00000 0.19400 0.93000 0.04000 0.04000
1.00000 0.18400 0.73200 0.04000 0.04000
3.00000 0.29400 0.37000 0.04000 0.04000
3.00000 0.70400 0.35200 0.04000 0.04000
1.00000 0.09200 0.94000 0.04000 0.04000
1.00000 0.08400 0.73800 0.04000 0.04000
1.00000 0.07800 0.53600 0.04000 0.04000
1.00000 0.07400 0.33600 0.04000 0.04000
1.00000 0.06800 0.13400 0.04000 0.04000
1.00000 0.16200 0.14000 0.04000 0.04000
1.00000 0.16800 0.33800 0.04000 0.04000
0.00000 0.37000 0.24800 0.04000 0.04000
0.00000 0.36200 0.05200 0.04000 0.04000
0.00000 0.37600 0.44800 0.04000 0.04000
0.00000 0.63400 0.64400 0.04000 0.04000
0.00000 0.64000 0.84800 0.04000 0.04000
1.00000 0.84200 0.91200 0.04000 0.04000
1.00000 0.83800 0.71000 0.04000 0.04000
0.00000 0.62800 0.44400 0.04000 0.04000
0.00000 0.62200 0.24600 0.04000 0.04000
0.00000 0.61600 0.04200 0.04000 0.04000
1.00000 0.82000 0.31000 0.04000 0.04000
1.00000 0.81200 0.10600 0.04000 0.04000
1.00000 0.91000 0.11400 0.04000 0.04000
1.00000 0.91800 0.30800 0.04000 0.04000
1.00000 0.92600 0.50800 0.04000 0.04000
1.00000 0.93000 0.71400 0.04000 0.04000
1.00000 0.93800 0.91800 0.04000 0.04000
