0.00000 0.73800 0.61200 0.04000 0.04000
0.00000 0.76200 0.81000 0.04000 0.04000
0.00000 0.50000 0.84200 0.04000 0.04000
0.00000 0.48000 0.64200 0.04000 0.04000
0.00000 0.42800 0.24200 0.04000 0.04000
0.00000 0.40400 0.04600 0.04000 0.04000
1.00000 0.22000 0.19000 0.04000 0.04000
1.00000 0.24400 0.38600 0.04000 0.04000
1.00000 0.26600 0.58400 0.04000 0.04000
1.00000 0.29400 0.79000 0.04000 0.04000
1.00000 0.19800 0.79000 0.04000 0.04000
1.00000 0.17400 0.59200 0.04000 0.04000
1.00000 0.15000 0.39200 0.04000 0.04000
1.00000 0.12400 0.19400 0.04000 0.04000
0.00000 0.71200 0.41000 0.04000 0.04000
0.00000 0.69000 0.20800 0.04000 0.04000
1.00000 0.88000 0.10600 0.04000 0.04000
1.00000 0.90400 0.30000 0.04000 0.04000
1.00000 0.93200 0.50200 0.04000 0.04000
1.00000 0.95000 0.70200 0.04000 0.04000
