0.00000 0.71000 0.36000 0.04000 0.04000
0.00000 0.72000 0.68800 0.04000 0.04000
0.00000 0.70000 0.03800 0.04000 0.04000
1.00000 0.84600 0.03400 0.04000 0.04000
1.00000 0.85600 0.35600 0.04000 0.04000
1.00000 0.86800 0.68400 0.04000 0.04000
0.00000 0.35000 0.49200 0.04000 0.04000
0.00000 0.27200 0.57200 0.04000 0.04000
0.00000 0.36000 0.66400 0.04000 0.04000
0.00000 0.28000 0.75000 0.04000 0.04000
0.00000 0.19800 0.67200 0.04000 0.04000
0.00000 0.12000 0.75000 0.04000 0.04000
1.00000 0.03400 0.67800 0.04000 0.04000
1.00000 0.10800 0.58400 0.04000 0.04000
1.00000 0.18600 0.50200 0.04000 0.04000
1.00000 0.09400 0.40800 0.04000 0.04000
1.00000 0.17400 0.33200 0.04000 0.04000
0.00000 0.01200 0.33200 0.04000 0.04000
1.00000 0.02400 0.50400 0.04000 0.04000
