1.00000 0.11600 0.66200 0.04000 0.04000
1.00000 0.11400 0.46400 0.04000 0.04000
1.00000 0.11200 0.25800 0.04000 0.04000
1.00000 0.11400 0.06000 0.04000 0.04000
1.00000 0.11600 0.86400 0.04000 0.04000
1.00000 0.85200 0.65600 0.04000 0.04000
1.00000 0.84600 0.05400 0.04000 0.04000
1.00000 0.94800 0.25600 0.04000 0.04000
1.00000 0.94400 0.05800 0.04000 0.04000
1.00000 0.94600 0.45000 0.04000 0.04000
1.00000 0.94600 0.65800 0.04000 0.04000
1.00000 0.94800 0.85800 0.04000 0.04000
0.00000 0.65400 0.94200 0.04000 0.04000
0.00000 0.65000 0.73600 0.04000 0.04000
0.00000 0.65000 0.53400 0.04000 0.04000
0.00000 0.65000 0.33200 0.04000 0.04000
0.00000 0.64800 0.13600 0.04000 0.04000
0.00000 0.40800 0.33600 0.04000 0.04000
0.00000 0.41200 0.53200 0.04000 0.04000
0.00000 0.41000 0.73800 0.04000 0.04000
0.00000 0.41400 0.94000 0.04000 0.04000
3.00000 0.37200 0.88600 0.04000 0.04000
3.00000 0.33200 0.62600 0.04000 0.04000
1.00000 0.21200 0.06200 0.04000 0.04000
1.00000 0.21000 0.25600 0.04000 0.04000
