3.00000 0.30400 0.00800 0.04000 0.04000
3.00000 0.69600 0.23200 0.04000 0.04000
3.00000 0.67800 0.12000 0.04000 0.04000
3.00000 0.28600 0.92800 0.04000 0.04000
3.00000 0.29800 0.81400 0.04000 0.04000
3.00000 0.28000 0.70200 0.04000 0.04000
0.00000 0.33600 0.69800 0.04000 0.04000
0.00000 0.34000 0.81000 0.04000 0.04000
0.00000 0.33800 0.93200 0.04000 0.04000
0.00000 0.65400 0.92800 0.04000 0.04000
1.00000 0.89800 0.92200 0.04000 0.04000
0.00000 0.64800 0.69600 0.04000 0.04000
0.00000 0.64800 0.57600 0.04000 0.04000
1.00000 0.89400 0.58000 0.04000 0.04000
1.00000 0.89200 0.46400 0.04000 0.04000
0.00000 0.64400 0.46400 0.04000 0.04000
0.00000 0.64200 0.23800 0.04000 0.04000
0.00000 0.64200 0.12000 0.04000 0.04000
0.00000 0.64000 0.01000 0.04000 0.04000
1.00000 0.88600 0.01000 0.04000 0.04000
1.00000 0.08600 0.12200 0.04000 0.04000
1.00000 0.08800 0.23800 0.04000 0.04000
1.00000 0.09000 0.35800 0.04000 0.04000
1.00000 0.09000 0.46800 0.04000 0.04000
1.00000 0.08800 0.58200 0.04000 0.04000
0.00000 0.33400 0.58000 0.04000 0.04000
0.00000 0.33400 0.47000 0.04000 0.04000
0.00000 0.33200 0.35400 0.04000 0.04000
0.00000 0.33200 0.24000 0.04000 0.04000
0.00000 0.33000 0.12000 0.04000 0.04000
0.00000 0.33200 0.01000 0.04000 0.04000
