0.00000 0.75200 0.10000 0.04000 0.04000
0.00000 0.83400 0.17600 0.04000 0.04000
0.00000 0.75400 0.26400 0.04000 0.04000
0.00000 0.83600 0.34000 0.04000 0.04000
0.00000 0.75800 0.43000 0.04000 0.04000
3.00000 0.85400 0.49600 0.04000 0.04000
0.00000 0.83800 0.50800 0.04000 0.04000
0.00000 0.76000 0.59600 0.04000 0.04000
3.00000 0.86400 0.65200 0.04000 0.04000
3.00000 0.86400 0.82200 0.04000 0.04000
0.00000 0.84200 0.83800 0.04000 0.04000
0.00000 0.76200 0.76000 0.04000 0.04000
0.00000 0.83800 0.67600 0.04000 0.04000
1.00000 0.92600 0.25200 0.04000 0.04000
1.00000 0.92200 0.08600 0.04000 0.04000
3.00000 0.22800 0.47000 0.04000 0.04000
0.00000 0.27000 0.43400 0.04000 0.04000
0.00000 0.34800 0.51400 0.04000 0.04000
0.00000 0.34400 0.34400 0.04000 0.04000
0.00000 0.34800 0.18000 0.04000 0.04000
3.00000 0.26600 0.26200 0.04000 0.04000
0.00000 0.26200 0.10200 0.04000 0.04000
0.00000 0.27200 0.60400 0.04000 0.04000
0.00000 0.35000 0.68000 0.04000 0.04000
0.00000 0.26800 0.77000 0.04000 0.04000
0.00000 0.35200 0.85000 0.04000 0.04000
1.00000 0.18600 0.85600 0.04000 0.04000
1.00000 0.10400 0.77800 0.04000 0.04000
1.00000 0.18200 0.68800 0.04000 0.04000
1.00000 0.09400 0.28400 0.04000 0.04000
1.00000 0.09800 0.11200 0.04000 0.04000
0.00000 0.34200 0.01400 0.04000 0.04000
0.00000 0.76400 0.92800 0.04000 0.04000
0.00000 0.27200 0.93800 0.04000 0.04000
