0.00000 0.58200 0.03800 0.04000 0.04000
3.00000 0.58400 0.00000 0.04000 0.04000
0.00000 0.90800 0.06200 0.04000 0.04000
3.00000 0.91400 0.00400 0.04000 0.04000
0.00000 0.23200 0.37200 0.04000 0.04000
0.00000 0.30600 0.45600 0.04000 0.04000
0.00000 0.21800 0.52800 0.04000 0.04000
0.00000 0.29000 0.61600 0.04000 0.04000
0.00000 0.20600 0.69000 0.04000 0.04000
0.00000 0.27600 0.78000 0.04000 0.04000
0.00000 0.19200 0.84600 0.04000 0.04000
0.00000 0.26200 0.94400 0.04000 0.04000
3.00000 0.20200 0.99000 0.04000 0.04000
1.00000 0.08800 0.93200 0.04000 0.04000
1.00000 0.02000 0.84600 0.04000 0.04000
1.00000 0.10000 0.77000 0.04000 0.04000
1.00000 0.03200 0.68400 0.04000 0.04000
1.00000 0.11400 0.60400 0.04000 0.04000
1.00000 0.04200 0.52000 0.04000 0.04000
0.00000 0.13400 0.44200 0.04000 0.04000
0.00000 0.05800 0.36000 0.04000 0.04000
3.00000 0.00800 0.40600 0.04000 0.04000
