0.00000 0.32000 0.06000 0.04000 0.04000
0.00000 0.31200 0.17200 0.04000 0.04000
0.00000 0.31200 0.28600 0.04000 0.04000
0.00000 0.30800 0.40400 0.04000 0.04000
0.00000 0.30400 0.51600 0.04000 0.04000
0.00000 0.30200 0.62400 0.04000 0.04000
0.00000 0.29800 0.74600 0.04000 0.04000
0.00000 0.29400 0.86600 0.04000 0.04000
0.00000 0.29000 0.97600 0.04000 0.04000
1.00000 0.04200 0.97400 0.04000 0.04000
1.00000 0.04800 0.85800 0.04000 0.04000
1.00000 0.05000 0.74000 0.04000 0.04000
1.00000 0.05400 0.62800 0.04000 0.04000
1.00000 0.05800 0.51200 0.04000 0.04000
1.00000 0.06000 0.39800 0.04000 0.04000
1.00000 0.06600 0.28200 0.04000 0.04000
1.00000 0.06600 0.16800 0.04000 0.04000
1.00000 0.07200 0.05400 0.04000 0.04000
0.00000 0.65800 0.06600 0.04000 0.04000
0.00000 0.65200 0.17800 0.04000 0.04000
0.00000 0.64600 0.29200 0.04000 0.04000
0.00000 0.64800 0.41000 0.04000 0.04000
0.00000 0.64400 0.52200 0.04000 0.04000
0.00000 0.64400 0.64000 0.04000 0.04000
0.00000 0.64400 0.75400 0.04000 0.04000
0.00000 0.63800 0.87000 0.04000 0.04000
0.00000 0.63000 0.98600 0.04000 0.04000
1.00000 0.90400 0.07200 0.04000 0.04000
1.00000 0.90000 0.18800 0.04000 0.04000
1.00000 0.89800 0.30000 0.04000 0.04000
1.00000 0.89800 0.41200 0.04000 0.04000
1.00000 0.89400 0.53000 0.04000 0.04000
1.00000 0.89200 0.64600 0.04000 0.04000
1.00000 0.88800 0.76200 0.04000 0.04000
1.00000 0.88800 0.87000 0.04000 0.04000
1.00000 0.88600 0.99000 0.04000 0.04000
