3.00000 0.36200 0.79200 0.04000 0.04000
0.00000 0.39200 0.90000 0.04000 0.04000
0.00000 0.38800 0.79400 0.04000 0.04000
0.00000 0.38400 0.67400 0.04000 0.04000
0.00000 0.37600 0.55800 0.04000 0.04000
0.00000 0.37000 0.44400 0.04000 0.04000
0.00000 0.36600 0.33200 0.04000 0.04000
3.00000 0.33600 0.21200 0.04000 0.04000
0.00000 0.36200 0.21400 0.04000 0.04000
0.00000 0.35400 0.09600 0.04000 0.04000
1.00000 0.10400 0.10800 0.04000 0.04000
0.00000 0.66600 0.09000 0.04000 0.04000
0.00000 0.68000 0.31800 0.04000 0.04000
0.00000 0.68400 0.42000 0.04000 0.04000
0.00000 0.69000 0.53600 0.04000 0.04000
0.00000 0.69400 0.64400 0.04000 0.04000
3.00000 0.74400 0.64200 0.04000 0.04000
0.00000 0.70000 0.75600 0.04000 0.04000
1.00000 0.94600 0.74600 0.04000 0.04000
1.00000 0.93800 0.52200 0.04000 0.04000
1.00000 0.93400 0.41200 0.04000 0.04000
1.00000 0.92800 0.30600 0.04000 0.04000
1.00000 0.14200 0.91400 0.04000 0.04000
1.00000 0.12200 0.46000 0.04000 0.04000
1.00000 0.13000 0.57400 0.04000 0.04000
