0.00000 0.40000 0.59800 0.04000 0.04000
0.00000 0.39400 0.48400 0.04000 0.04000
0.00000 0.38800 0.37200 0.04000 0.04000
3.00000 0.35000 0.25800 0.04000 0.04000
3.00000 0.34000 0.02600 0.04000 0.04000
3.00000 0.74200 0.24600 0.04000 0.04000
3.00000 0.83400 0.58800 0.04000 0.04000
3.00000 0.76600 0.92400 0.04000 0.04000
0.00000 0.72800 0.92600 0.04000 0.04000
0.00000 0.72600 0.81200 0.04000 0.04000
0.00000 0.71200 0.58800 0.04000 0.04000
0.00000 0.70800 0.47400 0.04000 0.04000
0.00000 0.70400 0.36200 0.04000 0.04000
0.00000 0.69800 0.24600 0.04000 0.04000
0.00000 0.69000 0.13000 0.04000 0.04000
0.00000 0.37400 0.02800 0.04000 0.04000
0.00000 0.38000 0.13800 0.04000 0.04000
0.00000 0.38200 0.25600 0.04000 0.04000
0.00000 0.40600 0.71600 0.04000 0.04000
1.00000 0.15200 0.61200 0.04000 0.04000
1.00000 0.14600 0.49600 0.04000 0.04000
1.00000 0.14400 0.38600 0.04000 0.04000
1.00000 0.13000 0.15400 0.04000 0.04000
1.00000 0.95000 0.35000 0.04000 0.04000
1.00000 0.95400 0.46400 0.04000 0.04000
1.00000 0.93600 0.11800 0.04000 0.04000
1.00000 0.97000 0.79800 0.04000 0.04000
