0.00000 0.31400 0.39000 0.04000 0.04000
0.00000 0.23600 0.30800 0.04000 0.04000
0.00000 0.32200 0.21600 0.04000 0.04000
0.00000 0.24800 0.13800 0.04000 0.04000
0.00000 0.33400 0.05400 0.04000 0.04000
0.00000 0.23000 0.47400 0.04000 0.04000
0.00000 0.30800 0.55600 0.04000 0.04000
0.00000 0.22800 0.63600 0.04000 0.04000
0.00000 0.30400 0.71800 0.04000 0.04000
0.00000 0.22400 0.80400 0.04000 0.04000
0.00000 0.30000 0.88600 0.04000 0.04000
0.00000 0.22200 0.96800 0.04000 0.04000
0.00000 0.71600 0.66200 0.04000 0.04000
0.00000 0.80000 0.57200 0.04000 0.04000
0.00000 0.72400 0.49200 0.04000 0.04000
0.00000 0.80800 0.41000 0.04000 0.04000
0.00000 0.72800 0.32600 0.04000 0.04000
0.00000 0.81400 0.24200 0.04000 0.04000
0.00000 0.73600 0.16000 0.04000 0.04000
0.00000 0.81800 0.07600 0.04000 0.04000
0.00000 0.79200 0.74000 0.04000 0.04000
0.00000 0.70400 0.82800 0.04000 0.04000
0.00000 0.70400 0.99000 0.04000 0.04000
1.00000 0.95800 0.90400 0.04000 0.04000
1.00000 0.88000 0.66200 0.04000 0.04000
1.00000 0.96600 0.57600 0.04000 0.04000
1.00000 0.90600 0.15600 0.04000 0.04000
1.00000 0.90000 0.32600 0.04000 0.04000
1.00000 0.04600 0.97000 0.04000 0.04000
1.00000 0.13000 0.72200 0.04000 0.04000
1.00000 0.05600 0.64200 0.04000 0.04000
1.00000 0.13800 0.55400 0.04000 0.04000
1.00000 0.06200 0.47800 0.04000 0.04000
1.00000 0.07000 0.30600 0.04000 0.04000
1.00000 0.07800 0.14400 0.04000 0.04000
1.00000 0.15400 0.21800 0.04000 0.04000
3.00000 0.21400 0.32600 0.04000 0.04000
3.00000 0.82000 0.55800 0.04000 0.04000
