0.00000 0.67200 0.73600 0.04000 0.04000
0.00000 0.39200 0.90800 0.04000 0.04000
3.00000 0.44600 0.99200 0.04000 0.04000
1.00000 0.74200 0.85600 0.04000 0.04000
3.00000 0.99200 0.64600 0.04000 0.04000
0.00000 0.95200 0.57000 0.04000 0.04000
3.00000 0.54600 0.00600 0.04000 0.04000
0.00000 0.52200 0.32400 0.04000 0.04000
0.00000 0.42000 0.15600 0.04000 0.04000
3.00000 0.43000 0.00800 0.04000 0.04000
0.00000 0.11000 0.10800 0.04000 0.04000
0.00000 0.21600 0.28200 0.04000 0.04000
0.00000 0.32000 0.45200 0.04000 0.04000
1.00000 0.00800 0.31800 0.04000 0.04000
3.00000 0.00600 0.18400 0.04000 0.04000
3.00000 0.00800 0.06000 0.04000 0.04000
0.00000 0.95000 0.07000 0.04000 0.04000
3.00000 0.80000 0.00600 0.04000 0.04000
