0.00000 0.63000 0.55000 0.04000 0.04000
0.00000 0.62200 0.87400 0.04000 0.04000
0.00000 0.63400 0.22400 0.04000 0.04000
1.00000 0.78000 0.22600 0.04000 0.04000
1.00000 0.77400 0.55200 0.04000 0.04000
1.00000 0.76600 0.87800 0.04000 0.04000
0.00000 0.38400 0.82200 0.04000 0.04000
0.00000 0.31000 0.74200 0.04000 0.04000
0.00000 0.39200 0.65600 0.04000 0.04000
0.00000 0.31200 0.57600 0.04000 0.04000
0.00000 0.39600 0.49400 0.04000 0.04000
0.00000 0.32200 0.41200 0.04000 0.04000
0.00000 0.40000 0.33200 0.04000 0.04000
0.00000 0.32200 0.24800 0.04000 0.04000
0.00000 0.40200 0.16800 0.04000 0.04000
0.00000 0.32400 0.08600 0.04000 0.04000
1.00000 0.23000 0.16800 0.04000 0.04000
1.00000 0.15400 0.25600 0.04000 0.04000
1.00000 0.22400 0.32800 0.04000 0.04000
1.00000 0.15400 0.41200 0.04000 0.04000
1.00000 0.22800 0.49000 0.04000 0.04000
1.00000 0.14400 0.57600 0.04000 0.04000
1.00000 0.22200 0.65800 0.04000 0.04000
1.00000 0.14200 0.74600 0.04000 0.04000
1.00000 0.21600 0.82000 0.04000 0.04000
1.00000 0.15200 0.08800 0.04000 0.04000
0.00000 0.29800 0.91200 0.04000 0.04000
0.00000 0.37600 0.98800 0.04000 0.04000
