0.00000 0.73000 0.43600 0.04000 0.04000
0.00000 0.80000 0.52200 0.04000 0.04000
0.00000 0.71200 0.59600 0.04000 0.04000
0.00000 0.78400 0.68400 0.04000 0.04000
0.00000 0.69200 0.75800 0.04000 0.04000
0.00000 0.76200 0.84200 0.04000 0.04000
0.00000 0.67200 0.91600 0.04000 0.04000
1.00000 0.93200 0.85800 0.04000 0.04000
1.00000 0.86600 0.77000 0.04000 0.04000
1.00000 0.95400 0.69800 0.04000 0.04000
1.00000 0.88000 0.60800 0.04000 0.04000
1.00000 0.96800 0.53200 0.04000 0.04000
1.00000 0.90200 0.44600 0.04000 0.04000
0.00000 0.82000 0.35400 0.04000 0.04000
0.00000 0.74800 0.26600 0.04000 0.04000
0.00000 0.84200 0.19400 0.04000 0.04000
0.00000 0.77000 0.10400 0.04000 0.04000
0.00000 0.87200 0.03000 0.04000 0.04000
3.00000 0.99000 0.07400 0.04000 0.04000
3.00000 0.90600 0.00400 0.04000 0.04000
1.00000 0.99000 0.37200 0.04000 0.04000
1.00000 0.92200 0.28200 0.04000 0.04000
0.00000 0.84400 0.93200 0.04000 0.04000
0.00000 0.25800 0.92600 0.04000 0.04000
0.00000 0.18800 0.84400 0.04000 0.04000
0.00000 0.27800 0.76800 0.04000 0.04000
0.00000 0.21200 0.67400 0.04000 0.04000
0.00000 0.29600 0.60800 0.04000 0.04000
0.00000 0.22800 0.52200 0.04000 0.04000
0.00000 0.31600 0.44400 0.04000 0.04000
0.00000 0.24800 0.35800 0.04000 0.04000
0.00000 0.34000 0.28600 0.04000 0.04000
0.00000 0.27000 0.19600 0.04000 0.04000
0.00000 0.36400 0.11800 0.04000 0.04000
1.00000 0.16800 0.27200 0.04000 0.04000
1.00000 0.07600 0.34400 0.04000 0.04000
1.00000 0.14800 0.43200 0.04000 0.04000
1.00000 0.06200 0.50400 0.04000 0.04000
1.00000 0.12800 0.58800 0.04000 0.04000
1.00000 0.04000 0.67200 0.04000 0.04000
1.00000 0.10800 0.75600 0.04000 0.04000
1.00000 0.01800 0.83200 0.04000 0.04000
1.00000 0.08800 0.91800 0.04000 0.04000
