0.00000 0.29200 0.07000 0.04000 0.04000
0.00000 0.20000 0.14200 0.04000 0.04000
0.00000 0.27000 0.23600 0.04000 0.04000
0.00000 0.18000 0.30400 0.04000 0.04000
0.00000 0.24200 0.39400 0.04000 0.04000
0.00000 0.15000 0.47200 0.04000 0.04000
0.00000 0.21600 0.55600 0.04000 0.04000
0.00000 0.12200 0.63200 0.04000 0.04000
0.00000 0.18800 0.72400 0.04000 0.04000
0.00000 0.09000 0.79800 0.04000 0.04000
0.00000 0.15600 0.89000 0.04000 0.04000
3.00000 0.11000 0.92400 0.04000 0.04000
1.00000 0.02000 0.69800 0.04000 0.04000
3.00000 0.00800 0.57200 0.04000 0.04000
1.00000 0.04800 0.53800 0.04000 0.04000
3.00000 0.00600 0.42600 0.04000 0.04000
1.00000 0.07200 0.37200 0.04000 0.04000
1.00000 0.00600 0.28400 0.04000 0.04000
1.00000 0.09400 0.21600 0.04000 0.04000
1.00000 0.03000 0.12600 0.04000 0.04000
0.00000 0.95000 0.72000 0.04000 0.04000
3.00000 0.99200 0.79400 0.04000 0.04000
0.00000 0.92200 0.92600 0.04000 0.04000
3.00000 0.95400 0.99200 0.04000 0.04000
