0.00000 0.20000 0.68800 0.04000 0.04000
0.00000 0.30800 0.71200 0.04000 0.04000
0.00000 0.70800 0.58800 0.04000 0.04000
0.00000 0.81600 0.61200 0.04000 0.04000
1.00000 0.76200 0.35200 0.04000 0.04000
1.00000 0.87200 0.38000 0.04000 0.04000
1.00000 0.84800 0.49200 0.04000 0.04000
0.00000 0.90400 0.26000 0.04000 0.04000
0.00000 0.78800 0.72600 0.04000 0.04000
0.00000 0.05800 0.77400 0.04000 0.04000
3.00000 0.04600 0.81000 0.04000 0.04000
1.00000 0.25200 0.94800 0.04000 0.04000
0.00000 0.28000 0.83000 0.04000 0.04000
0.00000 0.39200 0.85800 0.04000 0.04000
0.00000 0.36400 0.97200 0.04000 0.04000
3.00000 0.35800 0.99200 0.04000 0.04000
3.00000 0.89200 0.79000 0.04000 0.04000
3.00000 0.99200 0.84600 0.04000 0.04000
0.00000 0.98400 0.89800 0.04000 0.04000
0.00000 0.87000 0.86800 0.04000 0.04000
0.00000 0.42800 0.21400 0.04000 0.04000
0.00000 0.37000 0.12200 0.04000 0.04000
0.00000 0.14200 0.39200 0.04000 0.04000
0.00000 0.08000 0.29800 0.04000 0.04000
3.00000 0.00600 0.34000 0.04000 0.04000
3.00000 0.00800 0.47800 0.04000 0.04000
3.00000 0.55400 0.00800 0.04000 0.04000
1.00000 0.64000 0.08800 0.04000 0.04000
3.00000 0.33800 0.00600 0.04000 0.04000
0.00000 0.31000 0.02400 0.04000 0.04000
3.00000 0.00600 0.20600 0.04000 0.04000
0.00000 0.01800 0.19600 0.04000 0.04000
3.00000 0.13800 0.92800 0.04000 0.04000
3.00000 0.12200 0.98400 0.04000 0.04000
