3.00000 0.36400 0.16400 0.04000 0.04000
0.00000 0.45800 0.09000 0.04000 0.04000
0.00000 0.40000 0.28200 0.04000 0.04000
0.00000 0.65200 0.35000 0.04000 0.04000
0.00000 0.70400 0.15600 0.04000 0.04000
3.00000 0.75200 0.28400 0.04000 0.04000
1.00000 0.87200 0.27200 0.04000 0.04000
1.00000 0.96800 0.30600 0.04000 0.04000
1.00000 0.91400 0.49800 0.04000 0.04000
1.00000 0.86400 0.69400 0.04000 0.04000
1.00000 0.76400 0.66800 0.04000 0.04000
1.00000 0.14200 0.49600 0.04000 0.04000
1.00000 0.04200 0.46200 0.04000 0.04000
1.00000 0.09800 0.27200 0.04000 0.04000
1.00000 0.14800 0.08000 0.04000 0.04000
