1.00000 0.12200 0.42200 0.04000 0.04000
1.00000 0.08200 0.53000 0.04000 0.04000
1.00000 0.04600 0.64000 0.04000 0.04000
1.00000 0.00800 0.75200 0.04000 0.04000
0.00000 0.24400 0.82800 0.04000 0.04000
3.00000 0.00800 0.86800 0.04000 0.04000
0.00000 0.20600 0.93800 0.04000 0.04000
0.00000 0.28200 0.71800 0.04000 0.04000
0.00000 0.31800 0.61000 0.04000 0.04000
0.00000 0.35400 0.50000 0.04000 0.04000
0.00000 0.67800 0.61400 0.04000 0.04000
0.00000 0.64200 0.71800 0.04000 0.04000
0.00000 0.60200 0.83000 0.04000 0.04000
0.00000 0.56600 0.93600 0.04000 0.04000
1.00000 0.83800 0.91000 0.04000 0.04000
1.00000 0.87400 0.79800 0.04000 0.04000
1.00000 0.91200 0.69000 0.04000 0.04000
