0.00000 0.62200 0.31400 0.04000 0.04000
0.00000 0.30600 0.23800 0.04000 0.04000
1.00000 0.33600 0.10000 0.04000 0.04000
1.00000 0.65600 0.16800 0.04000 0.04000
0.00000 0.40000 0.47200 0.04000 0.04000
0.00000 0.29000 0.44600 0.04000 0.04000
0.00000 0.17800 0.41800 0.04000 0.04000
0.00000 0.06400 0.39600 0.04000 0.04000
1.00000 0.01200 0.63400 0.04000 0.04000
1.00000 0.12200 0.66400 0.04000 0.04000
1.00000 0.23400 0.69000 0.04000 0.04000
1.00000 0.34800 0.71600 0.04000 0.04000
0.00000 0.29400 0.96000 0.04000 0.04000
0.00000 0.18600 0.93400 0.04000 0.04000
0.00000 0.06800 0.90600 0.04000 0.04000
