0.00000 0.22400 0.43000 0.04000 0.04000
0.00000 0.30200 0.51000 0.04000 0.04000
0.00000 0.22200 0.59000 0.04000 0.04000
0.00000 0.29800 0.67600 0.04000 0.04000
0.00000 0.21800 0.75600 0.04000 0.04000
0.00000 0.29200 0.83200 0.04000 0.04000
0.00000 0.21600 0.91600 0.04000 0.04000
0.00000 0.26000 0.07400 0.04000 0.04000
3.00000 0.25800 0.00800 0.04000 0.04000
3.00000 0.58600 0.01000 0.04000 0.04000
3.00000 0.91600 0.01400 0.04000 0.04000
0.00000 0.91200 0.08200 0.04000 0.04000
0.00000 0.58200 0.07600 0.04000 0.04000
0.00000 0.12800 0.51400 0.04000 0.04000
0.00000 0.05200 0.43600 0.04000 0.04000
3.00000 0.00600 0.47400 0.04000 0.04000
1.00000 0.05000 0.59600 0.04000 0.04000
1.00000 0.12600 0.67400 0.04000 0.04000
1.00000 0.04800 0.75800 0.04000 0.04000
1.00000 0.12400 0.83800 0.04000 0.04000
1.00000 0.04600 0.92000 0.04000 0.04000
3.00000 0.14000 0.98600 0.04000 0.04000
0.00000 0.78600 0.70000 0.04000 0.04000
0.00000 0.70800 0.61800 0.04000 0.04000
0.00000 0.70400 0.78200 0.04000 0.04000
0.00000 0.78000 0.86000 0.04000 0.04000
0.00000 0.70000 0.94400 0.04000 0.04000
1.00000 0.88200 0.45200 0.04000 0.04000
1.00000 0.96000 0.53200 0.04000 0.04000
1.00000 0.88200 0.61200 0.04000 0.04000
1.00000 0.95600 0.69800 0.04000 0.04000
1.00000 0.87800 0.77600 0.04000 0.04000
1.00000 0.95000 0.85800 0.04000 0.04000
1.00000 0.87200 0.94000 0.04000 0.04000
