0.00000 0.42200 0.49600 0.04000 0.04000
3.00000 0.38200 0.27200 0.04000 0.04000
3.00000 0.79000 0.24800 0.04000 0.04000
3.00000 0.85600 0.35800 0.04000 0.04000
3.00000 0.40600 0.96200 0.04000 0.04000
1.00000 0.96600 0.13200 0.04000 0.04000
1.00000 0.98200 0.45800 0.04000 0.04000
1.00000 0.98800 0.57000 0.04000 0.04000
1.00000 0.18600 0.73800 0.04000 0.04000
3.00000 0.31600 0.62400 0.04000 0.04000
1.00000 0.17400 0.51400 0.04000 0.04000
0.00000 0.41600 0.38200 0.04000 0.04000
0.00000 0.42800 0.61800 0.04000 0.04000
0.00000 0.43200 0.72800 0.04000 0.04000
0.00000 0.71800 0.14400 0.04000 0.04000
0.00000 0.72200 0.25000 0.04000 0.04000
0.00000 0.73200 0.36400 0.04000 0.04000
0.00000 0.73400 0.46800 0.04000 0.04000
0.00000 0.73800 0.57800 0.04000 0.04000
1.00000 0.19400 0.97200 0.04000 0.04000
0.00000 0.44400 0.96000 0.04000 0.04000
