3.00000 0.30400 0.14800 0.04000 0.04000
3.00000 0.71000 0.72200 0.04000 0.04000
1.00000 0.91000 0.25600 0.04000 0.04000
1.00000 0.91000 0.37400 0.04000 0.04000
1.00000 0.91400 0.48800 0.04000 0.04000
1.00000 0.91600 0.60200 0.04000 0.04000
1.00000 0.92600 0.93800 0.04000 0.04000
0.00000 0.67800 0.94400 0.04000 0.04000
0.00000 0.36400 0.84000 0.04000 0.04000
0.00000 0.36000 0.72200 0.04000 0.04000
0.00000 0.36000 0.61200 0.04000 0.04000
0.00000 0.35600 0.49800 0.04000 0.04000
0.00000 0.35400 0.38000 0.04000 0.04000
0.00000 0.35400 0.26800 0.04000 0.04000
0.00000 0.34800 0.15000 0.04000 0.04000
0.00000 0.34400 0.03400 0.04000 0.04000
1.00000 0.10000 0.04400 0.04000 0.04000
1.00000 0.10400 0.27400 0.04000 0.04000
1.00000 0.10800 0.50400 0.04000 0.04000
1.00000 0.10600 0.61000 0.04000 0.04000
1.00000 0.11200 0.73000 0.04000 0.04000
0.00000 0.67200 0.60600 0.04000 0.04000
0.00000 0.67400 0.72000 0.04000 0.04000
0.00000 0.67000 0.49400 0.04000 0.04000
0.00000 0.66600 0.37600 0.04000 0.04000
0.00000 0.66400 0.26200 0.04000 0.04000
0.00000 0.66000 0.13800 0.04000 0.04000
