1.00000 0.21200 0.95000 0.04000 0.04000
1.00000 0.13600 0.86800 0.04000 0.04000
1.00000 0.21000 0.78400 0.04000 0.04000
1.00000 0.76600 0.83600 0.04000 0.04000
1.00000 0.77200 0.51000 0.04000 0.04000
1.00000 0.77200 0.18400 0.04000 0.04000
0.00000 0.62600 0.18400 0.04000 0.04000
0.00000 0.62000 0.50800 0.04000 0.04000
0.00000 0.62000 0.83400 0.04000 0.04000
0.00000 0.38400 0.94400 0.04000 0.04000
0.00000 0.31000 0.86400 0.04000 0.04000
0.00000 0.38800 0.78000 0.04000 0.04000
0.00000 0.31200 0.69600 0.04000 0.04000
0.00000 0.39000 0.61200 0.04000 0.04000
0.00000 0.31400 0.53600 0.04000 0.04000
0.00000 0.39200 0.45200 0.04000 0.04000
0.00000 0.32000 0.37600 0.04000 0.04000
0.00000 0.39000 0.28800 0.04000 0.04000
0.00000 0.31600 0.21400 0.04000 0.04000
0.00000 0.39600 0.12800 0.04000 0.04000
0.00000 0.31800 0.05200 0.04000 0.04000
1.00000 0.22200 0.13400 0.04000 0.04000
1.00000 0.14400 0.22200 0.04000 0.04000
1.00000 0.22200 0.29600 0.04000 0.04000
1.00000 0.14400 0.37800 0.04000 0.04000
1.00000 0.22000 0.45800 0.04000 0.04000
1.00000 0.14000 0.54400 0.04000 0.04000
1.00000 0.22000 0.62600 0.04000 0.04000
1.00000 0.14000 0.70400 0.04000 0.04000
0.00000 0.04400 0.79200 0.04000 0.04000
0.00000 0.04600 0.62800 0.04000 0.04000
0.00000 0.04400 0.46600 0.04000 0.04000
0.00000 0.05200 0.30400 0.04000 0.04000
0.00000 0.05400 0.14000 0.04000 0.04000
1.00000 0.15000 0.05400 0.04000 0.04000
