1.00000 0.05800 0.96400 0.04000 0.04000
1.00000 0.06000 0.85200 0.04000 0.04000
1.00000 0.06000 0.73600 0.04000 0.04000
1.00000 0.05800 0.62400 0.04000 0.04000
1.00000 0.06200 0.50600 0.04000 0.04000
1.00000 0.06200 0.39400 0.04000 0.04000
1.00000 0.06600 0.27600 0.04000 0.04000
1.00000 0.06400 0.16400 0.04000 0.04000
1.00000 0.06800 0.05000 0.04000 0.04000
0.00000 0.31400 0.05000 0.04000 0.04000
0.00000 0.31600 0.16400 0.04000 0.04000
0.00000 0.31200 0.28000 0.04000 0.04000
0.00000 0.31200 0.39400 0.04000 0.04000
0.00000 0.31200 0.51200 0.04000 0.04000
0.00000 0.31000 0.62600 0.04000 0.04000
0.00000 0.30600 0.74200 0.04000 0.04000
0.00000 0.30400 0.85600 0.04000 0.04000
0.00000 0.30400 0.96800 0.04000 0.04000
0.00000 0.64200 0.97200 0.04000 0.04000
0.00000 0.64200 0.86200 0.04000 0.04000
0.00000 0.64600 0.75000 0.04000 0.04000
0.00000 0.65000 0.63200 0.04000 0.04000
0.00000 0.64800 0.51600 0.04000 0.04000
0.00000 0.65200 0.40000 0.04000 0.04000
0.00000 0.65200 0.28600 0.04000 0.04000
0.00000 0.65600 0.16800 0.04000 0.04000
0.00000 0.65600 0.05000 0.04000 0.04000
1.00000 0.90400 0.05800 0.04000 0.04000
1.00000 0.90400 0.17200 0.04000 0.04000
1.00000 0.90400 0.28800 0.04000 0.04000
1.00000 0.89800 0.40000 0.04000 0.04000
1.00000 0.89600 0.52200 0.04000 0.04000
1.00000 0.90000 0.63200 0.04000 0.04000
1.00000 0.89600 0.74800 0.04000 0.04000
1.00000 0.89200 0.86200 0.04000 0.04000
1.00000 0.89200 0.97600 0.04000 0.04000
