0.00000 0.53200 0.22000 0.04000 0.04000
3.00000 0.42800 0.28000 0.04000 0.04000
0.00000 0.61400 0.03200 0.04000 0.04000
3.00000 0.47800 0.11200 0.04000 0.04000
0.00000 0.69200 0.50400 0.04000 0.04000
0.00000 0.77000 0.31600 0.04000 0.04000
0.00000 0.85200 0.12800 0.04000 0.04000
1.00000 0.76200 0.82200 0.04000 0.04000
1.00000 0.92000 0.46000 0.04000 0.04000
3.00000 0.80200 0.46200 0.04000 0.04000
1.00000 0.93400 0.68800 0.04000 0.04000
1.00000 0.85600 0.87000 0.04000 0.04000
1.00000 0.16200 0.57400 0.04000 0.04000
1.00000 0.07400 0.52800 0.04000 0.04000
1.00000 0.14800 0.34200 0.04000 0.04000
1.00000 0.23400 0.16000 0.04000 0.04000
0.00000 0.08400 0.02200 0.04000 0.04000
