0.00000 0.29800 0.51600 0.04000 0.04000
0.00000 0.29400 0.40600 0.04000 0.04000
0.00000 0.29200 0.29200 0.04000 0.04000
0.00000 0.28800 0.17000 0.04000 0.04000
0.00000 0.28800 0.06000 0.04000 0.04000
0.00000 0.30000 0.63400 0.04000 0.04000
0.00000 0.30200 0.74600 0.04000 0.04000
0.00000 0.30600 0.86200 0.04000 0.04000
0.00000 0.30400 0.97600 0.04000 0.04000
0.00000 0.64800 0.97000 0.04000 0.04000
0.00000 0.65000 0.85400 0.04000 0.04000
0.00000 0.64200 0.74000 0.04000 0.04000
0.00000 0.64000 0.62200 0.04000 0.04000
0.00000 0.64000 0.51000 0.04000 0.04000
0.00000 0.63600 0.39200 0.04000 0.04000
0.00000 0.63200 0.28000 0.04000 0.04000
0.00000 0.63000 0.16400 0.04000 0.04000
0.00000 0.62600 0.04800 0.04000 0.04000
1.00000 0.04000 0.06600 0.04000 0.04000
1.00000 0.04000 0.18200 0.04000 0.04000
1.00000 0.04400 0.29600 0.04000 0.04000
1.00000 0.05000 0.40600 0.04000 0.04000
1.00000 0.05200 0.52400 0.04000 0.04000
1.00000 0.05400 0.63800 0.04000 0.04000
1.00000 0.05600 0.75000 0.04000 0.04000
1.00000 0.05800 0.86800 0.04000 0.04000
1.00000 0.06000 0.98200 0.04000 0.04000
1.00000 0.87400 0.04200 0.04000 0.04000
1.00000 0.87600 0.15400 0.04000 0.04000
1.00000 0.88000 0.27200 0.04000 0.04000
1.00000 0.88400 0.38600 0.04000 0.04000
1.00000 0.88600 0.50000 0.04000 0.04000
1.00000 0.89000 0.61600 0.04000 0.04000
1.00000 0.89400 0.73400 0.04000 0.04000
1.00000 0.89600 0.85000 0.04000 0.04000
1.00000 0.89600 0.96200 0.04000 0.04000
