0.00000 0.61200 0.71000 0.04000 0.04000
0.00000 0.71000 0.76800 0.04000 0.04000
1.00000 0.83800 0.56000 0.04000 0.04000
1.00000 0.73800 0.50800 0.04000 0.04000
0.00000 0.90400 0.45600 0.04000 0.04000
1.00000 0.78200 0.66400 0.04000 0.04000
1.00000 0.87800 0.71800 0.04000 0.04000
0.00000 0.65400 0.87200 0.04000 0.04000
0.00000 0.23400 0.87000 0.04000 0.04000
0.00000 0.14200 0.81800 0.04000 0.04000
0.00000 0.19800 0.71200 0.04000 0.04000
0.00000 0.10400 0.65400 0.04000 0.04000
3.00000 0.07000 0.70200 0.04000 0.04000
0.00000 0.17600 0.97400 0.04000 0.04000
1.00000 0.07200 0.91600 0.04000 0.04000
3.00000 0.03200 0.99200 0.04000 0.04000
3.00000 0.01000 0.27000 0.04000 0.04000
3.00000 0.01000 0.39200 0.04000 0.04000
3.00000 0.00800 0.15600 0.04000 0.04000
3.00000 0.00800 0.03400 0.04000 0.04000
0.00000 0.05400 0.02600 0.04000 0.04000
0.00000 0.08000 0.13200 0.04000 0.04000
0.00000 0.10600 0.24800 0.04000 0.04000
0.00000 0.13400 0.35600 0.04000 0.04000
0.00000 0.46200 0.27600 0.04000 0.04000
0.00000 0.43400 0.16600 0.04000 0.04000
0.00000 0.40600 0.05400 0.04000 0.04000
3.00000 0.59600 0.00600 0.04000 0.04000
1.00000 0.67400 0.10600 0.04000 0.04000
1.00000 0.70600 0.21400 0.04000 0.04000
0.00000 0.94600 0.15200 0.04000 0.04000
0.00000 0.92200 0.04000 0.04000 0.04000
