3.00000 0.33000 0.03000 0.04000 0.04000
0.00000 0.36400 0.03000 0.04000 0.04000
0.00000 0.36000 0.14400 0.04000 0.04000
0.00000 0.35400 0.25800 0.04000 0.04000
0.00000 0.35400 0.37200 0.04000 0.04000
0.00000 0.35000 0.49200 0.04000 0.04000
0.00000 0.34600 0.60000 0.04000 0.04000
0.00000 0.34200 0.71400 0.04000 0.04000
0.00000 0.33800 0.83400 0.04000 0.04000
1.00000 0.09600 0.71000 0.04000 0.04000
1.00000 0.10000 0.59800 0.04000 0.04000
1.00000 0.10200 0.48000 0.04000 0.04000
1.00000 0.10600 0.37000 0.04000 0.04000
1.00000 0.11800 0.14200 0.04000 0.04000
3.00000 0.33600 0.26200 0.04000 0.04000
0.00000 0.66800 0.25800 0.04000 0.04000
0.00000 0.66800 0.38400 0.04000 0.04000
0.00000 0.66600 0.49600 0.04000 0.04000
0.00000 0.66200 0.61400 0.04000 0.04000
0.00000 0.65400 0.72800 0.04000 0.04000
0.00000 0.65000 0.84000 0.04000 0.04000
0.00000 0.64800 0.95800 0.04000 0.04000
3.00000 0.68000 0.84400 0.04000 0.04000
1.00000 0.89600 0.96400 0.04000 0.04000
1.00000 0.89800 0.73600 0.04000 0.04000
1.00000 0.90600 0.62400 0.04000 0.04000
1.00000 0.91000 0.50400 0.04000 0.04000
1.00000 0.91400 0.39200 0.04000 0.04000
1.00000 0.92000 0.26400 0.04000 0.04000
1.00000 0.92600 0.10200 0.04000 0.04000
0.00000 0.68000 0.09200 0.04000 0.04000
