0.00000 0.33400 0.31200 0.04000 0.04000
0.00000 0.42600 0.24400 0.04000 0.04000
0.00000 0.35800 0.13800 0.04000 0.04000
0.00000 0.45200 0.07400 0.04000 0.04000
0.00000 0.26600 0.21200 0.04000 0.04000
0.00000 0.17000 0.27400 0.04000 0.04000
0.00000 0.10800 0.18600 0.04000 0.04000
0.00000 0.01200 0.24800 0.04000 0.04000
0.00000 0.16200 0.68800 0.04000 0.04000
0.00000 0.06400 0.74600 0.04000 0.04000
1.00000 0.29200 0.88600 0.04000 0.04000
1.00000 0.19800 0.95000 0.04000 0.04000
1.00000 0.13200 0.86200 0.04000 0.04000
1.00000 0.04000 0.91800 0.04000 0.04000
1.00000 0.03800 0.07800 0.04000 0.04000
1.00000 0.13400 0.01600 0.04000 0.04000
1.00000 0.19800 0.10400 0.04000 0.04000
1.00000 0.28800 0.04200 0.04000 0.04000
3.00000 0.40600 0.00600 0.04000 0.04000
3.00000 0.26400 0.00600 0.04000 0.04000
0.00000 0.80600 0.16400 0.04000 0.04000
0.00000 0.74200 0.48400 0.04000 0.04000
0.00000 0.68400 0.80800 0.04000 0.04000
1.00000 0.88600 0.51200 0.04000 0.04000
1.00000 0.82600 0.83600 0.04000 0.04000
1.00000 0.95000 0.18800 0.04000 0.04000
