1.00000 0.08400 0.08200 0.04000 0.04000
1.00000 0.08400 0.20000 0.04000 0.04000
1.00000 0.08200 0.31400 0.04000 0.04000
1.00000 0.08000 0.42800 0.04000 0.04000
1.00000 0.07800 0.54400 0.04000 0.04000
1.00000 0.07600 0.65600 0.04000 0.04000
1.00000 0.07600 0.77200 0.04000 0.04000
1.00000 0.07200 0.88800 0.04000 0.04000
0.00000 0.32200 0.89000 0.04000 0.04000
0.00000 0.32600 0.77800 0.04000 0.04000
0.00000 0.32600 0.66400 0.04000 0.04000
0.00000 0.32800 0.54400 0.04000 0.04000
0.00000 0.33000 0.43400 0.04000 0.04000
0.00000 0.33200 0.31800 0.04000 0.04000
0.00000 0.33600 0.20600 0.04000 0.04000
0.00000 0.33600 0.08600 0.04000 0.04000
0.00000 0.67400 0.09200 0.04000 0.04000
0.00000 0.67000 0.20600 0.04000 0.04000
0.00000 0.66800 0.31800 0.04000 0.04000
0.00000 0.67000 0.43200 0.04000 0.04000
0.00000 0.66600 0.54800 0.04000 0.04000
0.00000 0.66400 0.66600 0.04000 0.04000
0.00000 0.66400 0.78200 0.04000 0.04000
0.00000 0.66200 0.89400 0.04000 0.04000
1.00000 0.91200 0.89800 0.04000 0.04000
1.00000 0.91400 0.78400 0.04000 0.04000
1.00000 0.91200 0.67000 0.04000 0.04000
1.00000 0.91800 0.55400 0.04000 0.04000
1.00000 0.91800 0.43600 0.04000 0.04000
1.00000 0.92000 0.32400 0.04000 0.04000
1.00000 0.92000 0.21000 0.04000 0.04000
1.00000 0.92200 0.09600 0.04000 0.04000
