1.00000 0.21800 0.67400 0.04000 0.04000
0.00000 0.38400 0.49800 0.04000 0.04000
0.00000 0.30200 0.42400 0.04000 0.04000
0.00000 0.38600 0.32800 0.04000 0.04000
0.00000 0.30800 0.24600 0.04000 0.04000
0.00000 0.38800 0.16000 0.04000 0.04000
0.00000 0.30400 0.08000 0.04000 0.04000
0.00000 0.62400 0.36800 0.04000 0.04000
0.00000 0.63400 0.69400 0.04000 0.04000
1.00000 0.77800 0.68800 0.04000 0.04000
1.00000 0.77200 0.36600 0.04000 0.04000
1.00000 0.76400 0.04000 0.04000 0.04000
0.00000 0.61400 0.04000 0.04000 0.04000
0.00000 0.38400 0.66200 0.04000 0.04000
0.00000 0.30600 0.58400 0.04000 0.04000
0.00000 0.30600 0.75200 0.04000 0.04000
0.00000 0.38600 0.83000 0.04000 0.04000
3.00000 0.34800 0.87400 0.04000 0.04000
1.00000 0.21600 0.83600 0.04000 0.04000
1.00000 0.13600 0.76400 0.04000 0.04000
1.00000 0.13800 0.42800 0.04000 0.04000
1.00000 0.13600 0.25800 0.04000 0.04000
1.00000 0.21200 0.16600 0.04000 0.04000
3.00000 0.13600 0.08800 0.04000 0.04000
