0.00000 0.61600 0.54600 0.04000 0.04000
0.00000 0.21000 0.43200 0.04000 0.04000
0.00000 0.15000 0.53000 0.04000 0.04000
0.00000 0.25800 0.60000 0.04000 0.04000
0.00000 0.20000 0.69400 0.04000 0.04000
0.00000 0.10000 0.63800 0.04000 0.04000
0.00000 0.04400 0.73200 0.04000 0.04000
3.00000 0.00800 0.71000 0.04000 0.04000
3.00000 0.00600 0.57600 0.04000 0.04000
1.00000 0.05200 0.47200 0.04000 0.04000
0.00000 0.68800 0.86000 0.04000 0.04000
1.00000 0.83000 0.82400 0.04000 0.04000
1.00000 0.75200 0.50800 0.04000 0.04000
