0.00000 0.70000 0.43200 0.04000 0.04000
0.00000 0.69400 0.53600 0.04000 0.04000
0.00000 0.71200 0.31800 0.04000 0.04000
0.00000 0.72200 0.21400 0.04000 0.04000
1.00000 0.96600 0.23000 0.04000 0.04000
1.00000 0.96000 0.33600 0.04000 0.04000
1.00000 0.94800 0.45200 0.04000 0.04000
1.00000 0.93800 0.56000 0.04000 0.04000
1.00000 0.92800 0.67200 0.04000 0.04000
0.00000 0.68000 0.65000 0.04000 0.04000
3.00000 0.32600 0.64200 0.04000 0.04000
1.00000 0.11200 0.73200 0.04000 0.04000
1.00000 0.09200 0.95800 0.04000 0.04000
0.00000 0.33400 0.97600 0.04000 0.04000
0.00000 0.36000 0.75800 0.04000 0.04000
0.00000 0.37800 0.52600 0.04000 0.04000
0.00000 0.36800 0.64200 0.04000 0.04000
0.00000 0.39200 0.41400 0.04000 0.04000
0.00000 0.39600 0.29600 0.04000 0.04000
0.00000 0.40800 0.18200 0.04000 0.04000
1.00000 0.12800 0.50600 0.04000 0.04000
1.00000 0.14000 0.38800 0.04000 0.04000
