0.00000 0.75200 0.91200 0.04000 0.04000
0.00000 0.83000 0.82800 0.04000 0.04000
0.00000 0.75200 0.74800 0.04000 0.04000
0.00000 0.82600 0.66400 0.04000 0.04000
0.00000 0.74800 0.58200 0.04000 0.04000
0.00000 0.82600 0.50000 0.04000 0.04000
0.00000 0.74600 0.41800 0.04000 0.04000
0.00000 0.82400 0.33800 0.04000 0.04000
0.00000 0.74800 0.25600 0.04000 0.04000
0.00000 0.82400 0.17400 0.04000 0.04000
0.00000 0.74600 0.09200 0.04000 0.04000
0.00000 0.82400 0.01200 0.04000 0.04000
0.00000 0.83200 0.99000 0.04000 0.04000
1.00000 0.92600 0.90200 0.04000 0.04000
1.00000 0.92400 0.73600 0.04000 0.04000
1.00000 0.92200 0.56800 0.04000 0.04000
1.00000 0.99200 0.65000 0.04000 0.04000
1.00000 0.99000 0.49000 0.04000 0.04000
1.00000 0.92200 0.40800 0.04000 0.04000
1.00000 0.99000 0.32800 0.04000 0.04000
1.00000 0.91800 0.24600 0.04000 0.04000
1.00000 0.99000 0.16200 0.04000 0.04000
1.00000 0.91600 0.08200 0.04000 0.04000
