0.00000 0.42400 0.25600 0.04000 0.04000
0.00000 0.50400 0.18200 0.04000 0.04000
0.00000 0.58400 0.26000 0.04000 0.04000
1.00000 0.41600 0.08600 0.04000 0.04000
1.00000 0.33200 0.00800 0.04000 0.04000
1.00000 0.25400 0.08800 0.04000 0.04000
0.00000 0.75000 0.26200 0.04000 0.04000
3.00000 0.66800 0.17800 0.04000 0.04000
1.00000 0.66200 0.01400 0.04000 0.04000
1.00000 0.75000 0.09400 0.04000 0.04000
0.00000 0.83600 0.18200 0.04000 0.04000
0.00000 0.92000 0.26800 0.04000 0.04000
3.00000 0.26600 0.76800 0.04000 0.04000
0.00000 0.91000 0.75400 0.04000 0.04000
0.00000 0.98800 0.67600 0.04000 0.04000
0.00000 0.82400 0.67400 0.04000 0.04000
0.00000 0.74200 0.75000 0.04000 0.04000
0.00000 0.65600 0.67200 0.04000 0.04000
0.00000 0.57400 0.74800 0.04000 0.04000
0.00000 0.48800 0.66600 0.04000 0.04000
0.00000 0.40600 0.74600 0.04000 0.04000
0.00000 0.32400 0.66200 0.04000 0.04000
0.00000 0.24000 0.74200 0.04000 0.04000
1.00000 0.41400 0.91400 0.04000 0.04000
1.00000 0.49200 0.83400 0.04000 0.04000
1.00000 0.57800 0.91600 0.04000 0.04000
1.00000 0.65800 0.84200 0.04000 0.04000
1.00000 0.82800 0.84200 0.04000 0.04000
1.00000 0.74400 0.92200 0.04000 0.04000
0.00000 0.24200 0.90800 0.04000 0.04000
