0.00000 0.46200 0.13000 0.04000 0.04000
0.00000 0.36000 0.09400 0.04000 0.04000
0.00000 0.24800 0.05400 0.04000 0.04000
0.00000 0.14000 0.01800 0.04000 0.04000
1.00000 0.05400 0.25200 0.04000 0.04000
1.00000 0.16400 0.28800 0.04000 0.04000
1.00000 0.27400 0.32800 0.04000 0.04000
1.00000 0.37800 0.36400 0.04000 0.04000
0.00000 0.29600 0.60200 0.04000 0.04000
0.00000 0.18800 0.56000 0.04000 0.04000
0.00000 0.08200 0.52200 0.04000 0.04000
0.00000 0.64200 0.49800 0.04000 0.04000
0.00000 0.74400 0.44600 0.04000 0.04000
0.00000 0.69200 0.33200 0.04000 0.04000
0.00000 0.79400 0.28400 0.04000 0.04000
0.00000 0.84600 0.38400 0.04000 0.04000
1.00000 0.89600 0.50000 0.04000 0.04000
1.00000 0.79600 0.54600 0.04000 0.04000
1.00000 0.74200 0.71400 0.04000 0.04000
1.00000 0.84800 0.66400 0.04000 0.04000
0.00000 0.89800 0.76800 0.04000 0.04000
0.00000 0.18400 0.92200 0.04000 0.04000
0.00000 0.07600 0.88200 0.04000 0.04000
3.00000 0.16200 0.99000 0.04000 0.04000
3.00000 0.03600 0.99200 0.04000 0.04000
