0.00000 0.36800 0.48800 0.04000 0.04000
0.00000 0.30600 0.39800 0.04000 0.04000
0.00000 0.39600 0.32800 0.04000 0.04000
0.00000 0.33600 0.23600 0.04000 0.04000
0.00000 0.42800 0.16400 0.04000 0.04000
0.00000 0.36200 0.07400 0.04000 0.04000
0.00000 0.34200 0.64600 0.04000 0.04000
0.00000 0.27800 0.55600 0.04000 0.04000
0.00000 0.25000 0.71400 0.04000 0.04000
0.00000 0.31400 0.80600 0.04000 0.04000
0.00000 0.22000 0.87400 0.04000 0.04000
0.00000 0.28200 0.96400 0.04000 0.04000
0.00000 0.81000 0.33400 0.04000 0.04000
0.00000 0.90200 0.27000 0.04000 0.04000
0.00000 0.83600 0.17800 0.04000 0.04000
0.00000 0.93000 0.10200 0.04000 0.04000
0.00000 0.87400 0.42400 0.04000 0.04000
0.00000 0.78000 0.49400 0.04000 0.04000
0.00000 0.84600 0.58800 0.04000 0.04000
0.00000 0.75600 0.65600 0.04000 0.04000
0.00000 0.81600 0.75000 0.04000 0.04000
0.00000 0.72600 0.81600 0.04000 0.04000
0.00000 0.79000 0.90400 0.04000 0.04000
0.00000 0.69800 0.97400 0.04000 0.04000
1.00000 0.89800 0.83600 0.04000 0.04000
1.00000 0.98600 0.76800 0.04000 0.04000
1.00000 0.92400 0.67600 0.04000 0.04000
1.00000 0.95200 0.51600 0.04000 0.04000
3.00000 0.99200 0.62600 0.04000 0.04000
1.00000 0.98000 0.35600 0.04000 0.04000
3.00000 0.99200 0.20600 0.04000 0.04000
1.00000 0.04800 0.85400 0.04000 0.04000
1.00000 0.10800 0.94600 0.04000 0.04000
1.00000 0.14200 0.79000 0.04000 0.04000
1.00000 0.07600 0.69400 0.04000 0.04000
1.00000 0.16400 0.62000 0.04000 0.04000
1.00000 0.10800 0.53200 0.04000 0.04000
1.00000 0.19800 0.46600 0.04000 0.04000
1.00000 0.13400 0.37400 0.04000 0.04000
1.00000 0.22400 0.30000 0.04000 0.04000
1.00000 0.16600 0.21200 0.04000 0.04000
1.00000 0.25400 0.14000 0.04000 0.04000
1.00000 0.08800 0.11800 0.04000 0.04000
1.00000 0.02400 0.02800 0.04000 0.04000
0.00000 0.86600 0.01400 0.04000 0.04000
3.00000 0.99000 0.06600 0.04000 0.04000
0.00000 0.45600 0.00800 0.04000 0.04000
