0.00000 0.72000 0.17600 0.04000 0.04000
0.00000 0.83400 0.19400 0.04000 0.04000
3.00000 0.86000 0.01000 0.04000 0.04000
3.00000 0.73000 0.12400 0.04000 0.04000
3.00000 0.62800 0.02400 0.04000 0.04000
3.00000 0.51200 0.00800 0.04000 0.04000
0.00000 0.60400 0.15800 0.04000 0.04000
0.00000 0.49600 0.14400 0.04000 0.04000
0.00000 0.37800 0.13000 0.04000 0.04000
3.00000 0.95400 0.17600 0.04000 0.04000
0.00000 0.95200 0.21000 0.04000 0.04000
0.00000 0.92400 0.52200 0.04000 0.04000
1.00000 0.89000 0.76800 0.04000 0.04000
