3.00000 0.28600 0.34200 0.04000 0.04000
3.00000 0.31800 0.68600 0.04000 0.04000
3.00000 0.28800 0.80400 0.04000 0.04000
0.00000 0.33800 0.34000 0.04000 0.04000
0.00000 0.34400 0.45200 0.04000 0.04000
0.00000 0.35000 0.56800 0.04000 0.04000
0.00000 0.36000 0.68200 0.04000 0.04000
0.00000 0.36200 0.79800 0.04000 0.04000
0.00000 0.36800 0.91200 0.04000 0.04000
0.00000 0.67200 0.78000 0.04000 0.04000
0.00000 0.66800 0.67000 0.04000 0.04000
0.00000 0.65800 0.55200 0.04000 0.04000
0.00000 0.65600 0.43800 0.04000 0.04000
3.00000 0.69000 0.32200 0.04000 0.04000
0.00000 0.65000 0.32600 0.04000 0.04000
1.00000 0.90000 0.42400 0.04000 0.04000
1.00000 0.90600 0.53800 0.04000 0.04000
1.00000 0.91200 0.65800 0.04000 0.04000
1.00000 0.91800 0.76600 0.04000 0.04000
0.00000 0.68200 0.89600 0.04000 0.04000
1.00000 0.12200 0.92400 0.04000 0.04000
1.00000 0.10200 0.58400 0.04000 0.04000
1.00000 0.09800 0.46800 0.04000 0.04000
