3.00000 0.33000 0.25800 0.04000 0.04000
0.00000 0.36000 0.25800 0.04000 0.04000
0.00000 0.36200 0.37400 0.04000 0.04000
0.00000 0.37000 0.48600 0.04000 0.04000
0.00000 0.37600 0.60400 0.04000 0.04000
0.00000 0.38400 0.71800 0.04000 0.04000
0.00000 0.39000 0.83000 0.04000 0.04000
0.00000 0.39400 0.94400 0.04000 0.04000
1.00000 0.15000 0.95800 0.04000 0.04000
1.00000 0.10600 0.15600 0.04000 0.04000
1.00000 0.09800 0.04200 0.04000 0.04000
0.00000 0.34600 0.03000 0.04000 0.04000
0.00000 0.35000 0.14400 0.04000 0.04000
0.00000 0.66000 0.01800 0.04000 0.04000
3.00000 0.84200 0.00600 0.04000 0.04000
0.00000 0.66200 0.13000 0.04000 0.04000
3.00000 0.68400 0.13000 0.04000 0.04000
0.00000 0.68200 0.36200 0.04000 0.04000
0.00000 0.68400 0.46400 0.04000 0.04000
0.00000 0.68800 0.57400 0.04000 0.04000
0.00000 0.69600 0.68200 0.04000 0.04000
0.00000 0.70200 0.79800 0.04000 0.04000
1.00000 0.94800 0.78400 0.04000 0.04000
3.00000 0.74800 0.68000 0.04000 0.04000
1.00000 0.93600 0.56600 0.04000 0.04000
1.00000 0.93200 0.45400 0.04000 0.04000
1.00000 0.92400 0.35000 0.04000 0.04000
