0.00000 0.62000 0.36400 0.04000 0.04000
0.00000 0.61800 0.69000 0.04000 0.04000
0.00000 0.62200 0.04000 0.04000 0.04000
1.00000 0.76600 0.03800 0.04000 0.04000
1.00000 0.76800 0.36400 0.04000 0.04000
1.00000 0.76400 0.68800 0.04000 0.04000
0.00000 0.41400 0.71600 0.04000 0.04000
0.00000 0.41400 0.60200 0.04000 0.04000
0.00000 0.41400 0.48200 0.04000 0.04000
0.00000 0.41400 0.36800 0.04000 0.04000
0.00000 0.41400 0.25200 0.04000 0.04000
0.00000 0.41200 0.14000 0.04000 0.04000
0.00000 0.41400 0.02200 0.04000 0.04000
1.00000 0.16200 0.02600 0.04000 0.04000
1.00000 0.16400 0.14000 0.04000 0.04000
1.00000 0.16400 0.25200 0.04000 0.04000
1.00000 0.16400 0.37000 0.04000 0.04000
1.00000 0.16400 0.48400 0.04000 0.04000
1.00000 0.16400 0.59800 0.04000 0.04000
1.00000 0.16200 0.71400 0.04000 0.04000
1.00000 0.16400 0.82800 0.04000 0.04000
1.00000 0.16400 0.94800 0.04000 0.04000
0.00000 0.41200 0.94400 0.04000 0.04000
0.00000 0.41600 0.83000 0.04000 0.04000
