0.00000 0.11800 0.41800 0.04000 0.04000
0.00000 0.06400 0.61000 0.04000 0.04000
3.00000 0.00600 0.65800 0.04000 0.04000
3.00000 0.00600 0.50800 0.04000 0.04000
0.00000 0.54600 0.09400 0.04000 0.04000
0.00000 0.86200 0.18400 0.04000 0.04000
1.00000 0.89800 0.04200 0.04000 0.04000
3.00000 0.57200 0.00800 0.04000 0.04000
0.00000 0.80400 0.72800 0.04000 0.04000
0.00000 0.85400 0.82200 0.04000 0.04000
0.00000 0.75800 0.88000 0.04000 0.04000
0.00000 0.81000 0.97800 0.04000 0.04000
1.00000 0.92600 0.92200 0.04000 0.04000
1.00000 0.97400 0.76800 0.04000 0.04000
3.00000 0.99200 0.62200 0.04000 0.04000
