3.00000 0.30000 0.50200 0.04000 0.04000
3.00000 0.72600 0.52000 0.04000 0.04000
3.00000 0.69200 0.94800 0.04000 0.04000
1.00000 0.11200 0.14600 0.04000 0.04000
1.00000 0.10400 0.34200 0.04000 0.04000
1.00000 0.09800 0.54200 0.04000 0.04000
1.00000 0.08600 0.74400 0.04000 0.04000
3.00000 0.30200 0.93200 0.04000 0.04000
1.00000 0.19200 0.54800 0.04000 0.04000
0.00000 0.37600 0.83400 0.04000 0.04000
0.00000 0.38400 0.63400 0.04000 0.04000
0.00000 0.39600 0.43000 0.04000 0.04000
1.00000 0.21200 0.15000 0.04000 0.04000
0.00000 0.63600 0.45000 0.04000 0.04000
0.00000 0.64600 0.24800 0.04000 0.04000
0.00000 0.65400 0.04600 0.04000 0.04000
0.00000 0.62800 0.65000 0.04000 0.04000
0.00000 0.61600 0.85000 0.04000 0.04000
1.00000 0.83200 0.57800 0.04000 0.04000
1.00000 0.85200 0.18000 0.04000 0.04000
1.00000 0.94800 0.18400 0.04000 0.04000
1.00000 0.93800 0.38400 0.04000 0.04000
1.00000 0.92600 0.58600 0.04000 0.04000
1.00000 0.91600 0.78400 0.04000 0.04000
1.00000 0.81400 0.97600 0.04000 0.04000
1.00000 0.17400 0.95200 0.04000 0.04000
1.00000 0.07600 0.94600 0.04000 0.04000
