0.00000 0.44000 0.64200 0.04000 0.04000
0.00000 0.35200 0.57600 0.04000 0.04000
0.00000 0.42000 0.47000 0.04000 0.04000
0.00000 0.33400 0.40600 0.04000 0.04000
0.00000 0.40200 0.30800 0.04000 0.04000
0.00000 0.31200 0.24400 0.04000 0.04000
0.00000 0.38200 0.14400 0.04000 0.04000
1.00000 0.23800 0.33800 0.04000 0.04000
1.00000 0.16800 0.43800 0.04000 0.04000
3.00000 0.28600 0.46400 0.04000 0.04000
1.00000 0.19000 0.59800 0.04000 0.04000
1.00000 0.27800 0.66200 0.04000 0.04000
0.00000 0.68800 0.45400 0.04000 0.04000
0.00000 0.63800 0.13200 0.04000 0.04000
1.00000 0.78000 0.11600 0.04000 0.04000
1.00000 0.82800 0.43400 0.04000 0.04000
0.00000 0.73200 0.78000 0.04000 0.04000
1.00000 0.88000 0.75400 0.04000 0.04000
1.00000 0.20400 0.77000 0.04000 0.04000
1.00000 0.30000 0.83800 0.04000 0.04000
