0.00000 0.68200 0.50800 0.04000 0.04000
0.00000 0.67800 0.39200 0.04000 0.04000
0.00000 0.67400 0.27800 0.04000 0.04000
1.00000 0.92400 0.27000 0.04000 0.04000
1.00000 0.92600 0.38600 0.04000 0.04000
1.00000 0.93000 0.49800 0.04000 0.04000
0.00000 0.68000 0.62200 0.04000 0.04000
0.00000 0.68200 0.73800 0.04000 0.04000
3.00000 0.72000 0.85400 0.04000 0.04000
0.00000 0.68800 0.85200 0.04000 0.04000
0.00000 0.68800 0.96400 0.04000 0.04000
1.00000 0.94000 0.95800 0.04000 0.04000
0.00000 0.37400 0.62800 0.04000 0.04000
3.00000 0.35000 0.74800 0.04000 0.04000
3.00000 0.34400 0.85800 0.04000 0.04000
3.00000 0.32800 0.97600 0.04000 0.04000
0.00000 0.38000 0.97400 0.04000 0.04000
0.00000 0.37800 0.85600 0.04000 0.04000
0.00000 0.37400 0.74600 0.04000 0.04000
1.00000 0.12200 0.63400 0.04000 0.04000
1.00000 0.12200 0.52200 0.04000 0.04000
0.00000 0.36800 0.51400 0.04000 0.04000
3.00000 0.31600 0.40000 0.04000 0.04000
3.00000 0.31400 0.28200 0.04000 0.04000
3.00000 0.33000 0.17000 0.04000 0.04000
0.00000 0.35600 0.05600 0.04000 0.04000
0.00000 0.35800 0.17000 0.04000 0.04000
0.00000 0.36600 0.28800 0.04000 0.04000
0.00000 0.36600 0.39800 0.04000 0.04000
