3.00000 0.30400 0.11800 0.04000 0.04000
3.00000 0.30000 0.01200 0.04000 0.04000
3.00000 0.65600 0.10600 0.04000 0.04000
3.00000 0.70400 0.82600 0.04000 0.04000
3.00000 0.28800 0.96200 0.04000 0.04000
3.00000 0.32400 0.84400 0.04000 0.04000
0.00000 0.34800 0.83800 0.04000 0.04000
0.00000 0.34400 0.96000 0.04000 0.04000
0.00000 0.34600 0.72400 0.04000 0.04000
0.00000 0.34400 0.60400 0.04000 0.04000
0.00000 0.34000 0.49000 0.04000 0.04000
3.00000 0.20200 0.49400 0.04000 0.04000
3.00000 0.20000 0.60600 0.04000 0.04000
1.00000 0.09600 0.72600 0.04000 0.04000
1.00000 0.90400 0.59000 0.04000 0.04000
1.00000 0.90800 0.70600 0.04000 0.04000
0.00000 0.63400 0.10800 0.04000 0.04000
0.00000 0.33600 0.11800 0.04000 0.04000
0.00000 0.33800 0.01200 0.04000 0.04000
0.00000 0.65000 0.48000 0.04000 0.04000
3.00000 0.90000 0.47600 0.04000 0.04000
0.00000 0.65600 0.59400 0.04000 0.04000
0.00000 0.66000 0.70800 0.04000 0.04000
0.00000 0.66600 0.82800 0.04000 0.04000
0.00000 0.66800 0.94800 0.04000 0.04000
1.00000 0.92400 0.95000 0.04000 0.04000
