0.00000 0.21000 0.28200 0.04000 0.04000
0.00000 0.20200 0.04200 0.04000 0.04000
3.00000 0.14400 0.00200 0.04000 0.04000
3.00000 0.00600 0.43000 0.04000 0.04000
3.00000 0.00600 0.63200 0.04000 0.04000
0.00000 0.22400 0.77800 0.04000 0.04000
0.00000 0.01600 0.78000 0.04000 0.04000
0.00000 0.64000 0.43800 0.04000 0.04000
0.00000 0.64600 0.76200 0.04000 0.04000
1.00000 0.79400 0.76000 0.04000 0.04000
1.00000 0.78400 0.43600 0.04000 0.04000
1.00000 0.77200 0.11000 0.04000 0.04000
0.00000 0.62800 0.11400 0.04000 0.04000
