0.00000 0.73400 0.37600 0.04000 0.04000
0.00000 0.74600 0.04800 0.04000 0.04000
0.00000 0.72400 0.70200 0.04000 0.04000
1.00000 0.86600 0.70800 0.04000 0.04000
1.00000 0.88000 0.38400 0.04000 0.04000
1.00000 0.89600 0.05400 0.04000 0.04000
0.00000 0.36000 0.51800 0.04000 0.04000
0.00000 0.28000 0.59200 0.04000 0.04000
0.00000 0.35800 0.69400 0.04000 0.04000
0.00000 0.27600 0.76600 0.04000 0.04000
0.00000 0.20000 0.68400 0.04000 0.04000
0.00000 0.11400 0.75800 0.04000 0.04000
0.00000 0.03800 0.67600 0.04000 0.04000
3.00000 0.00800 0.63200 0.04000 0.04000
1.00000 0.11600 0.58400 0.04000 0.04000
1.00000 0.19800 0.51400 0.04000 0.04000
1.00000 0.20200 0.34200 0.04000 0.04000
1.00000 0.12000 0.41400 0.04000 0.04000
0.00000 0.03800 0.33400 0.04000 0.04000
