0.00000 0.43400 0.72800 0.04000 0.04000
0.00000 0.69800 0.77200 0.04000 0.04000
0.00000 0.73000 0.57400 0.04000 0.04000
0.00000 0.76200 0.37800 0.04000 0.04000
0.00000 0.79400 0.18200 0.04000 0.04000
0.00000 0.53600 0.13400 0.04000 0.04000
0.00000 0.50200 0.33000 0.04000 0.04000
1.00000 0.97200 0.33000 0.04000 0.04000
1.00000 0.94000 0.52200 0.04000 0.04000
3.00000 0.97000 0.00400 0.04000 0.04000
3.00000 0.99000 0.14200 0.04000 0.04000
1.00000 0.32000 0.22200 0.04000 0.04000
1.00000 0.28600 0.42000 0.04000 0.04000
1.00000 0.35400 0.02400 0.04000 0.04000
1.00000 0.25600 0.00800 0.04000 0.04000
1.00000 0.22800 0.20200 0.04000 0.04000
1.00000 0.19200 0.40000 0.04000 0.04000
0.00000 0.01000 0.25000 0.04000 0.04000
0.00000 0.04200 0.05000 0.04000 0.04000
