3.00000 0.30400 0.34400 0.04000 0.04000
3.00000 0.29000 0.23000 0.04000 0.04000
3.00000 0.31000 0.11800 0.04000 0.04000
0.00000 0.34200 0.11800 0.04000 0.04000
0.00000 0.34200 0.22800 0.04000 0.04000
0.00000 0.33800 0.34200 0.04000 0.04000
0.00000 0.33800 0.46000 0.04000 0.04000
0.00000 0.33800 0.57400 0.04000 0.04000
0.00000 0.33800 0.68800 0.04000 0.04000
0.00000 0.33600 0.80200 0.04000 0.04000
3.00000 0.28000 0.91800 0.04000 0.04000
0.00000 0.33600 0.92000 0.04000 0.04000
0.00000 0.65200 0.92000 0.04000 0.04000
1.00000 0.89800 0.92200 0.04000 0.04000
0.00000 0.65200 0.69400 0.04000 0.04000
3.00000 0.71200 0.69200 0.04000 0.04000
0.00000 0.65000 0.57600 0.04000 0.04000
1.00000 0.89600 0.57800 0.04000 0.04000
1.00000 0.89400 0.45800 0.04000 0.04000
1.00000 0.90000 0.34800 0.04000 0.04000
1.00000 0.89800 0.23200 0.04000 0.04000
0.00000 0.64800 0.23600 0.04000 0.04000
0.00000 0.65400 0.34800 0.04000 0.04000
0.00000 0.65200 0.46000 0.04000 0.04000
1.00000 0.09200 0.45600 0.04000 0.04000
1.00000 0.09400 0.57600 0.04000 0.04000
1.00000 0.09400 0.68800 0.04000 0.04000
1.00000 0.09200 0.80400 0.04000 0.04000
