0.00000 0.22600 0.27200 0.04000 0.04000
0.00000 0.30800 0.19000 0.04000 0.04000
3.00000 0.03600 0.45600 0.04000 0.04000
0.00000 0.31000 0.02600 0.04000 0.04000
0.00000 0.23400 0.10800 0.04000 0.04000
0.00000 0.30800 0.35600 0.04000 0.04000
0.00000 0.22200 0.44000 0.04000 0.04000
0.00000 0.30200 0.52200 0.04000 0.04000
0.00000 0.22000 0.60200 0.04000 0.04000
0.00000 0.29800 0.68400 0.04000 0.04000
0.00000 0.21600 0.76400 0.04000 0.04000
0.00000 0.29200 0.84600 0.04000 0.04000
0.00000 0.21600 0.92800 0.04000 0.04000
0.00000 0.69800 0.95400 0.04000 0.04000
0.00000 0.77800 0.87000 0.04000 0.04000
0.00000 0.70200 0.78800 0.04000 0.04000
0.00000 0.78200 0.70600 0.04000 0.04000
0.00000 0.70400 0.62800 0.04000 0.04000
0.00000 0.70600 0.46200 0.04000 0.04000
0.00000 0.79000 0.37200 0.04000 0.04000
0.00000 0.71200 0.29800 0.04000 0.04000
0.00000 0.79800 0.20800 0.04000 0.04000
0.00000 0.72000 0.12600 0.04000 0.04000
3.00000 0.76800 0.08600 0.04000 0.04000
1.00000 0.88600 0.13200 0.04000 0.04000
1.00000 0.96600 0.20800 0.04000 0.04000
1.00000 0.87800 0.29400 0.04000 0.04000
1.00000 0.95200 0.53800 0.04000 0.04000
1.00000 0.95200 0.69800 0.04000 0.04000
1.00000 0.87800 0.62200 0.04000 0.04000
1.00000 0.87400 0.78800 0.04000 0.04000
1.00000 0.95000 0.86200 0.04000 0.04000
1.00000 0.12800 0.52200 0.04000 0.04000
1.00000 0.04800 0.60600 0.04000 0.04000
1.00000 0.12400 0.68600 0.04000 0.04000
1.00000 0.04400 0.77000 0.04000 0.04000
1.00000 0.12200 0.85200 0.04000 0.04000
1.00000 0.04200 0.93200 0.04000 0.04000
3.00000 0.14200 0.99200 0.04000 0.04000
1.00000 0.13800 0.19200 0.04000 0.04000
1.00000 0.06000 0.11000 0.04000 0.04000
1.00000 0.05800 0.27800 0.04000 0.04000
