0.00000 0.71000 0.05200 0.04000 0.04000
0.00000 0.78200 0.13200 0.04000 0.04000
0.00000 0.70200 0.21200 0.04000 0.04000
0.00000 0.77600 0.29600 0.04000 0.04000
0.00000 0.69200 0.37200 0.04000 0.04000
0.00000 0.77000 0.46200 0.04000 0.04000
0.00000 0.68400 0.53800 0.04000 0.04000
0.00000 0.76000 0.62000 0.04000 0.04000
0.00000 0.67800 0.70200 0.04000 0.04000
0.00000 0.75200 0.78000 0.04000 0.04000
0.00000 0.66800 0.86400 0.04000 0.04000
0.00000 0.74800 0.94600 0.04000 0.04000
1.00000 0.84400 0.86600 0.04000 0.04000
1.00000 0.92600 0.78400 0.04000 0.04000
1.00000 0.85200 0.70200 0.04000 0.04000
1.00000 0.93600 0.62000 0.04000 0.04000
1.00000 0.85600 0.54000 0.04000 0.04000
1.00000 0.94000 0.45600 0.04000 0.04000
1.00000 0.86600 0.37400 0.04000 0.04000
1.00000 0.94400 0.29600 0.04000 0.04000
1.00000 0.87400 0.21200 0.04000 0.04000
1.00000 0.95400 0.12800 0.04000 0.04000
1.00000 0.87800 0.05000 0.04000 0.04000
3.00000 0.76400 0.00200 0.04000 0.04000
3.00000 0.93200 0.00600 0.04000 0.04000
0.00000 0.26400 0.91000 0.04000 0.04000
0.00000 0.18800 0.82800 0.04000 0.04000
0.00000 0.26600 0.74400 0.04000 0.04000
0.00000 0.19800 0.66200 0.04000 0.04000
0.00000 0.27200 0.58600 0.04000 0.04000
0.00000 0.20400 0.50000 0.04000 0.04000
0.00000 0.28600 0.42400 0.04000 0.04000
0.00000 0.21000 0.33600 0.04000 0.04000
0.00000 0.29000 0.26200 0.04000 0.04000
0.00000 0.21600 0.17200 0.04000 0.04000
0.00000 0.29400 0.09600 0.04000 0.04000
0.00000 0.22800 0.01600 0.04000 0.04000
1.00000 0.04200 0.17200 0.04000 0.04000
1.00000 0.11600 0.25200 0.04000 0.04000
1.00000 0.03400 0.33600 0.04000 0.04000
1.00000 0.11600 0.42000 0.04000 0.04000
1.00000 0.02800 0.50200 0.04000 0.04000
1.00000 0.10400 0.58000 0.04000 0.04000
1.00000 0.02200 0.66800 0.04000 0.04000
1.00000 0.09800 0.74600 0.04000 0.04000
1.00000 0.01600 0.82600 0.04000 0.04000
1.00000 0.09400 0.90800 0.04000 0.04000
3.00000 0.18000 0.98800 0.04000 0.04000
