0.00000 0.62200 0.30000 0.04000 0.04000
0.00000 0.61200 0.62800 0.04000 0.04000
0.00000 0.60400 0.95000 0.04000 0.04000
1.00000 0.74800 0.95400 0.04000 0.04000
1.00000 0.75800 0.62800 0.04000 0.04000
1.00000 0.76600 0.30400 0.04000 0.04000
0.00000 0.41800 0.11200 0.04000 0.04000
0.00000 0.41600 0.22400 0.04000 0.04000
0.00000 0.41200 0.34200 0.04000 0.04000
0.00000 0.41200 0.45800 0.04000 0.04000
0.00000 0.40600 0.56800 0.04000 0.04000
0.00000 0.40600 0.68600 0.04000 0.04000
0.00000 0.40200 0.80000 0.04000 0.04000
0.00000 0.40200 0.91600 0.04000 0.04000
1.00000 0.15200 0.90800 0.04000 0.04000
1.00000 0.15400 0.79800 0.04000 0.04000
1.00000 0.16000 0.68200 0.04000 0.04000
1.00000 0.16000 0.56600 0.04000 0.04000
1.00000 0.16200 0.45400 0.04000 0.04000
1.00000 0.16200 0.33600 0.04000 0.04000
1.00000 0.16400 0.22200 0.04000 0.04000
1.00000 0.16400 0.11000 0.04000 0.04000
