3.00000 0.19400 0.41400 0.04000 0.04000
3.00000 0.84400 0.72600 0.04000 0.04000
3.00000 0.82000 0.39000 0.04000 0.04000
3.00000 0.98200 0.19600 0.04000 0.04000
3.00000 0.99000 0.54200 0.04000 0.04000
0.00000 0.74400 0.84400 0.04000 0.04000
0.00000 0.81600 0.75000 0.04000 0.04000
0.00000 0.73200 0.68000 0.04000 0.04000
3.00000 0.83600 0.55600 0.04000 0.04000
0.00000 0.80600 0.58400 0.04000 0.04000
0.00000 0.71800 0.51600 0.04000 0.04000
0.00000 0.79200 0.42000 0.04000 0.04000
0.00000 0.70400 0.34800 0.04000 0.04000
0.00000 0.78000 0.25400 0.04000 0.04000
0.00000 0.69200 0.18200 0.04000 0.04000
0.00000 0.76600 0.08800 0.04000 0.04000
0.00000 0.67600 0.01800 0.04000 0.04000
1.00000 0.86000 0.16000 0.04000 0.04000
1.00000 0.93000 0.06400 0.04000 0.04000
1.00000 0.84400 0.00200 0.04000 0.04000
1.00000 0.98600 0.72800 0.04000 0.04000
1.00000 0.17400 0.98400 0.04000 0.04000
1.00000 0.08600 0.91400 0.04000 0.04000
1.00000 0.14800 0.64000 0.04000 0.04000
1.00000 0.02400 0.07800 0.04000 0.04000
1.00000 0.03600 0.24600 0.04000 0.04000
0.00000 0.34000 0.95800 0.04000 0.04000
0.00000 0.25400 0.89000 0.04000 0.04000
0.00000 0.32800 0.79600 0.04000 0.04000
0.00000 0.24200 0.72000 0.04000 0.04000
0.00000 0.31400 0.62400 0.04000 0.04000
0.00000 0.23000 0.55200 0.04000 0.04000
0.00000 0.30400 0.46000 0.04000 0.04000
0.00000 0.21600 0.39000 0.04000 0.04000
0.00000 0.29200 0.29400 0.04000 0.04000
0.00000 0.27600 0.12800 0.04000 0.04000
3.00000 0.20600 0.21200 0.04000 0.04000
1.00000 0.07600 0.74200 0.04000 0.04000
1.00000 0.16400 0.80600 0.04000 0.04000
