3.00000 0.33400 0.32800 0.04000 0.04000
3.00000 0.68000 0.30600 0.04000 0.04000
3.00000 0.91000 0.31400 0.04000 0.04000
0.00000 0.91200 0.34200 0.04000 0.04000
0.00000 0.79600 0.34200 0.04000 0.04000
0.00000 0.68600 0.34600 0.04000 0.04000
0.00000 0.56600 0.34800 0.04000 0.04000
0.00000 0.45000 0.35000 0.04000 0.04000
0.00000 0.33600 0.35600 0.04000 0.04000
0.00000 0.22400 0.35800 0.04000 0.04000
1.00000 0.44400 0.10600 0.04000 0.04000
1.00000 0.56000 0.09800 0.04000 0.04000
1.00000 0.79000 0.09200 0.04000 0.04000
0.00000 0.93800 0.64800 0.04000 0.04000
1.00000 0.94400 0.89400 0.04000 0.04000
