0.00000 0.24200 0.09000 0.04000 0.04000
3.00000 0.25000 0.00600 0.04000 0.04000
3.00000 0.58200 0.00600 0.04000 0.04000
0.00000 0.57000 0.12400 0.04000 0.04000
0.00000 0.89200 0.14600 0.04000 0.04000
1.00000 0.90600 0.01000 0.04000 0.04000
0.00000 0.35200 0.53400 0.04000 0.04000
0.00000 0.33000 0.73200 0.04000 0.04000
0.00000 0.31200 0.92800 0.04000 0.04000
0.00000 0.56400 0.95400 0.04000 0.04000
0.00000 0.58200 0.75600 0.04000 0.04000
0.00000 0.60000 0.55200 0.04000 0.04000
1.00000 0.77000 0.84400 0.04000 0.04000
1.00000 0.87600 0.86000 0.04000 0.04000
3.00000 0.91400 0.98800 0.04000 0.04000
3.00000 0.71800 0.98400 0.04000 0.04000
3.00000 0.26000 0.98800 0.04000 0.04000
1.00000 0.10800 0.98400 0.04000 0.04000
1.00000 0.12200 0.79000 0.04000 0.04000
1.00000 0.02200 0.78000 0.04000 0.04000
