0.00000 0.36000 0.61200 0.04000 0.04000
0.00000 0.26800 0.55000 0.04000 0.04000
0.00000 0.32600 0.45000 0.04000 0.04000
0.00000 0.23200 0.38600 0.04000 0.04000
0.00000 0.29200 0.29000 0.04000 0.04000
0.00000 0.20200 0.22800 0.04000 0.04000
0.00000 0.25800 0.13200 0.04000 0.04000
0.00000 0.16800 0.06600 0.04000 0.04000
1.00000 0.09200 0.17200 0.04000 0.04000
1.00000 0.03000 0.27200 0.04000 0.04000
1.00000 0.12600 0.32800 0.04000 0.04000
1.00000 0.06600 0.43200 0.04000 0.04000
1.00000 0.15800 0.48800 0.04000 0.04000
1.00000 0.09600 0.59000 0.04000 0.04000
1.00000 0.18800 0.65000 0.04000 0.04000
1.00000 0.13200 0.75000 0.04000 0.04000
1.00000 0.22800 0.81600 0.04000 0.04000
0.00000 0.05600 0.85400 0.04000 0.04000
0.00000 0.73800 0.05200 0.04000 0.04000
3.00000 0.77200 0.00600 0.04000 0.04000
1.00000 0.90800 0.01200 0.04000 0.04000
1.00000 0.94000 0.16600 0.04000 0.04000
1.00000 0.87800 0.27000 0.04000 0.04000
1.00000 0.97200 0.32600 0.04000 0.04000
1.00000 0.90800 0.42600 0.04000 0.04000
1.00000 0.94600 0.59000 0.04000 0.04000
0.00000 0.87200 0.69400 0.04000 0.04000
0.00000 0.77400 0.62800 0.04000 0.04000
0.00000 0.83400 0.52800 0.04000 0.04000
0.00000 0.74400 0.46800 0.04000 0.04000
0.00000 0.80400 0.37400 0.04000 0.04000
0.00000 0.71000 0.30800 0.04000 0.04000
0.00000 0.77200 0.21200 0.04000 0.04000
0.00000 0.68000 0.14800 0.04000 0.04000
1.00000 0.84800 0.10800 0.04000 0.04000
1.00000 0.84800 0.10800 0.04000 0.04000
0.00000 0.02400 0.69600 0.04000 0.04000
