0.00000 0.19000 0.16400 0.04000 0.04000
0.00000 0.11400 0.08600 0.04000 0.04000
0.00000 0.02800 0.16200 0.04000 0.04000
3.00000 0.36000 0.01000 0.04000 0.04000
0.00000 0.63000 0.17800 0.04000 0.04000
0.00000 0.62000 0.50400 0.04000 0.04000
0.00000 0.61200 0.83000 0.04000 0.04000
1.00000 0.76000 0.83600 0.04000 0.04000
1.00000 0.77000 0.51200 0.04000 0.04000
1.00000 0.77400 0.18600 0.04000 0.04000
1.00000 0.16800 0.44000 0.04000 0.04000
1.00000 0.16600 0.55400 0.04000 0.04000
1.00000 0.16200 0.67200 0.04000 0.04000
1.00000 0.15600 0.78200 0.04000 0.04000
1.00000 0.15400 0.89800 0.04000 0.04000
0.00000 0.40400 0.90800 0.04000 0.04000
0.00000 0.40600 0.79200 0.04000 0.04000
0.00000 0.41200 0.67800 0.04000 0.04000
0.00000 0.41400 0.56200 0.04000 0.04000
0.00000 0.41400 0.44400 0.04000 0.04000
