0.00000 0.29600 0.11800 0.04000 0.04000
0.00000 0.21800 0.03200 0.04000 0.04000
0.00000 0.21200 0.19800 0.04000 0.04000
0.00000 0.28000 0.27600 0.04000 0.04000
0.00000 0.19800 0.36400 0.04000 0.04000
0.00000 0.27400 0.44600 0.04000 0.04000
0.00000 0.19200 0.52400 0.04000 0.04000
0.00000 0.26400 0.60200 0.04000 0.04000
0.00000 0.18200 0.68600 0.04000 0.04000
0.00000 0.25400 0.76600 0.04000 0.04000
0.00000 0.17400 0.85000 0.04000 0.04000
0.00000 0.24800 0.93200 0.04000 0.04000
0.00000 0.65800 0.89200 0.04000 0.04000
0.00000 0.73800 0.81200 0.04000 0.04000
0.00000 0.66600 0.73000 0.04000 0.04000
0.00000 0.74800 0.64800 0.04000 0.04000
0.00000 0.67600 0.56600 0.04000 0.04000
0.00000 0.75600 0.48600 0.04000 0.04000
0.00000 0.68400 0.40400 0.04000 0.04000
0.00000 0.76800 0.32800 0.04000 0.04000
0.00000 0.69400 0.24600 0.04000 0.04000
1.00000 0.87400 0.08200 0.04000 0.04000
1.00000 0.94800 0.16200 0.04000 0.04000
1.00000 0.86600 0.24400 0.04000 0.04000
1.00000 0.94000 0.32800 0.04000 0.04000
1.00000 0.85800 0.41000 0.04000 0.04000
1.00000 0.93200 0.49200 0.04000 0.04000
1.00000 0.84800 0.57000 0.04000 0.04000
1.00000 0.92200 0.64800 0.04000 0.04000
1.00000 0.84000 0.73600 0.04000 0.04000
1.00000 0.91200 0.81600 0.04000 0.04000
0.00000 0.72800 0.97800 0.04000 0.04000
1.00000 0.83200 0.89600 0.04000 0.04000
1.00000 0.12200 0.11600 0.04000 0.04000
1.00000 0.03800 0.19400 0.04000 0.04000
1.00000 0.11200 0.27200 0.04000 0.04000
1.00000 0.03000 0.36000 0.04000 0.04000
1.00000 0.10600 0.44400 0.04000 0.04000
1.00000 0.02000 0.52400 0.04000 0.04000
1.00000 0.09600 0.60000 0.04000 0.04000
1.00000 0.01400 0.68400 0.04000 0.04000
1.00000 0.08200 0.76200 0.04000 0.04000
1.00000 0.00600 0.84600 0.04000 0.04000
1.00000 0.07200 0.92400 0.04000 0.04000
