0.00000 0.16800 0.20400 0.04000 0.04000
0.00000 0.11600 0.10000 0.04000 0.04000
3.00000 0.00600 0.15400 0.04000 0.04000
3.00000 0.00600 0.28200 0.04000 0.04000
0.00000 0.46000 0.05600 0.04000 0.04000
3.00000 0.58400 0.00600 0.04000 0.04000
0.00000 0.70600 0.45600 0.04000 0.04000
0.00000 0.81000 0.49000 0.04000 0.04000
0.00000 0.77600 0.59800 0.04000 0.04000
0.00000 0.84600 0.75200 0.04000 0.04000
0.00000 0.95000 0.78600 0.04000 0.04000
0.00000 0.91600 0.89600 0.04000 0.04000
3.00000 0.99200 0.65200 0.04000 0.04000
3.00000 0.87600 0.65200 0.04000 0.04000
1.00000 0.85600 0.37400 0.04000 0.04000
1.00000 0.88800 0.26000 0.04000 0.04000
1.00000 0.78200 0.22800 0.04000 0.04000
3.00000 0.03000 0.60800 0.04000 0.04000
0.00000 0.04200 0.57400 0.04000 0.04000
0.00000 0.19000 0.50200 0.04000 0.04000
3.00000 0.17600 0.54600 0.04000 0.04000
0.00000 0.30000 0.54200 0.04000 0.04000
0.00000 0.26200 0.65000 0.04000 0.04000
0.00000 0.36400 0.69200 0.04000 0.04000
0.00000 0.33200 0.80400 0.04000 0.04000
0.00000 0.44200 0.84600 0.04000 0.04000
0.00000 0.40200 0.96000 0.04000 0.04000
1.00000 0.28400 0.91800 0.04000 0.04000
3.00000 0.26600 0.98800 0.04000 0.04000
3.00000 0.38800 0.98800 0.04000 0.04000
1.00000 0.18200 0.88200 0.04000 0.04000
1.00000 0.21600 0.77200 0.04000 0.04000
1.00000 0.11000 0.73400 0.04000 0.04000
