0.00000 0.35400 0.56200 0.04000 0.04000
0.00000 0.32400 0.67000 0.04000 0.04000
0.00000 0.29400 0.78600 0.04000 0.04000
0.00000 0.26400 0.89400 0.04000 0.04000
0.00000 0.62400 0.86600 0.04000 0.04000
0.00000 0.65200 0.75600 0.04000 0.04000
0.00000 0.68400 0.64600 0.04000 0.04000
1.00000 0.92200 0.70800 0.04000 0.04000
1.00000 0.89400 0.82000 0.04000 0.04000
1.00000 0.86600 0.93000 0.04000 0.04000
0.00000 0.59000 0.98000 0.04000 0.04000
1.00000 0.02400 0.83000 0.04000 0.04000
1.00000 0.05600 0.72000 0.04000 0.04000
1.00000 0.08200 0.60800 0.04000 0.04000
1.00000 0.11000 0.49800 0.04000 0.04000
