0.00000 0.61000 0.02200 0.04000 0.04000
0.00000 0.61800 0.34600 0.04000 0.04000
0.00000 0.62600 0.67000 0.04000 0.04000
1.00000 0.77200 0.66800 0.04000 0.04000
1.00000 0.76400 0.34400 0.04000 0.04000
1.00000 0.75600 0.01600 0.04000 0.04000
0.00000 0.63400 0.99000 0.04000 0.04000
1.00000 0.78000 0.99000 0.04000 0.04000
0.00000 0.40000 0.95400 0.04000 0.04000
0.00000 0.31800 0.87600 0.04000 0.04000
0.00000 0.39400 0.78800 0.04000 0.04000
0.00000 0.31800 0.71200 0.04000 0.04000
0.00000 0.39400 0.62400 0.04000 0.04000
0.00000 0.31200 0.54600 0.04000 0.04000
0.00000 0.39200 0.46000 0.04000 0.04000
0.00000 0.31200 0.38400 0.04000 0.04000
0.00000 0.39000 0.29600 0.04000 0.04000
0.00000 0.30800 0.21600 0.04000 0.04000
0.00000 0.38200 0.13600 0.04000 0.04000
0.00000 0.30200 0.05400 0.04000 0.04000
1.00000 0.22600 0.96000 0.04000 0.04000
1.00000 0.14800 0.88800 0.04000 0.04000
1.00000 0.22800 0.80000 0.04000 0.04000
1.00000 0.14800 0.72200 0.04000 0.04000
1.00000 0.22000 0.63400 0.04000 0.04000
1.00000 0.14400 0.55800 0.04000 0.04000
1.00000 0.22000 0.47400 0.04000 0.04000
1.00000 0.13800 0.39400 0.04000 0.04000
1.00000 0.21400 0.31200 0.04000 0.04000
1.00000 0.13600 0.23000 0.04000 0.04000
1.00000 0.20600 0.14600 0.04000 0.04000
1.00000 0.13000 0.06800 0.04000 0.04000
