0.00000 0.93600 0.51800 0.04000 0.04000
1.00000 0.94400 0.76400 0.04000 0.04000
0.00000 0.79400 0.20800 0.04000 0.04000
0.00000 0.68200 0.21600 0.04000 0.04000
3.00000 0.68400 0.17000 0.04000 0.04000
3.00000 0.79000 0.00400 0.04000 0.04000
3.00000 0.56400 0.16000 0.04000 0.04000
3.00000 0.44600 0.00600 0.04000 0.04000
3.00000 0.33400 0.18600 0.04000 0.04000
3.00000 0.22000 0.20400 0.04000 0.04000
0.00000 0.22200 0.23000 0.04000 0.04000
0.00000 0.33800 0.22400 0.04000 0.04000
0.00000 0.44400 0.22000 0.04000 0.04000
0.00000 0.56600 0.21400 0.04000 0.04000
3.00000 0.91000 0.18000 0.04000 0.04000
0.00000 0.91400 0.20800 0.04000 0.04000
