0.00000 0.29600 0.09200 0.04000 0.04000
3.00000 0.20200 0.00200 0.04000 0.04000
1.00000 0.08000 0.05600 0.04000 0.04000
1.00000 0.12000 0.25400 0.04000 0.04000
1.00000 0.02800 0.26600 0.04000 0.04000
1.00000 0.15800 0.45000 0.04000 0.04000
1.00000 0.06600 0.46600 0.04000 0.04000
1.00000 0.10200 0.66000 0.04000 0.04000
1.00000 0.13800 0.85800 0.04000 0.04000
1.00000 0.23400 0.84200 0.04000 0.04000
1.00000 0.19600 0.64600 0.04000 0.04000
0.00000 0.40600 0.68600 0.04000 0.04000
0.00000 0.44400 0.88600 0.04000 0.04000
0.00000 0.37200 0.49200 0.04000 0.04000
0.00000 0.33200 0.29400 0.04000 0.04000
0.00000 0.55400 0.05000 0.04000 0.04000
0.00000 0.58800 0.24800 0.04000 0.04000
0.00000 0.62800 0.44000 0.04000 0.04000
0.00000 0.66600 0.63600 0.04000 0.04000
0.00000 0.70600 0.83400 0.04000 0.04000
1.00000 0.89200 0.71200 0.04000 0.04000
1.00000 0.85200 0.51600 0.04000 0.04000
1.00000 0.81200 0.31800 0.04000 0.04000
1.00000 0.77400 0.12200 0.04000 0.04000
3.00000 0.69800 0.01000 0.04000 0.04000
3.00000 0.57000 0.00800 0.04000 0.04000
1.00000 0.86800 0.10600 0.04000 0.04000
1.00000 0.90600 0.30600 0.04000 0.04000
1.00000 0.94400 0.50200 0.04000 0.04000
1.00000 0.92800 0.90800 0.04000 0.04000
