0.00000 0.58800 0.40000 0.04000 0.04000
0.00000 0.70000 0.38200 0.04000 0.04000
0.00000 0.71600 0.50000 0.04000 0.04000
0.00000 0.84400 0.60200 0.04000 0.04000
0.00000 0.95600 0.59200 0.04000 0.04000
0.00000 0.97400 0.71000 0.04000 0.04000
1.00000 0.95000 0.47200 0.04000 0.04000
1.00000 0.93200 0.34600 0.04000 0.04000
3.00000 0.83000 0.49800 0.04000 0.04000
1.00000 0.69200 0.25400 0.04000 0.04000
1.00000 0.67600 0.14000 0.04000 0.04000
1.00000 0.56000 0.15000 0.04000 0.04000
0.00000 0.79200 0.12200 0.04000 0.04000
0.00000 0.66400 0.01600 0.04000 0.04000
0.00000 0.77600 0.00600 0.04000 0.04000
3.00000 0.14800 0.70000 0.04000 0.04000
3.00000 0.04800 0.81400 0.04000 0.04000
3.00000 0.17600 0.94800 0.04000 0.04000
0.00000 0.53000 0.97600 0.04000 0.04000
0.00000 0.64200 0.96800 0.04000 0.04000
0.00000 0.51400 0.86200 0.04000 0.04000
0.00000 0.39800 0.87000 0.04000 0.04000
0.00000 0.38600 0.75200 0.04000 0.04000
0.00000 0.27200 0.76600 0.04000 0.04000
0.00000 0.25800 0.64200 0.04000 0.04000
0.00000 0.14200 0.65400 0.04000 0.04000
0.00000 0.04400 0.78200 0.04000 0.04000
1.00000 0.28200 0.88800 0.04000 0.04000
1.00000 0.40800 0.99200 0.04000 0.04000
0.00000 0.20600 0.14200 0.04000 0.04000
0.00000 0.11200 0.07200 0.04000 0.04000
3.00000 0.17000 0.00800 0.04000 0.04000
3.00000 0.31600 0.00600 0.04000 0.04000
3.00000 0.80200 0.23600 0.04000 0.04000
