3.00000 0.33600 0.62200 0.04000 0.04000
3.00000 0.73400 0.78400 0.04000 0.04000
1.00000 0.82400 0.20200 0.04000 0.04000
1.00000 0.81000 0.00800 0.04000 0.04000
0.00000 0.63000 0.29600 0.04000 0.04000
0.00000 0.64200 0.49800 0.04000 0.04000
0.00000 0.65000 0.69800 0.04000 0.04000
0.00000 0.66200 0.90200 0.04000 0.04000
0.00000 0.42000 0.90600 0.04000 0.04000
0.00000 0.40600 0.70800 0.04000 0.04000
0.00000 0.39800 0.51000 0.04000 0.04000
0.00000 0.38400 0.30600 0.04000 0.04000
1.00000 0.17000 0.04400 0.04000 0.04000
1.00000 0.18600 0.24600 0.04000 0.04000
1.00000 0.20800 0.64600 0.04000 0.04000
1.00000 0.12400 0.85000 0.04000 0.04000
1.00000 0.11400 0.64600 0.04000 0.04000
1.00000 0.10000 0.45000 0.04000 0.04000
1.00000 0.09000 0.24800 0.04000 0.04000
1.00000 0.07800 0.04400 0.04000 0.04000
1.00000 0.83600 0.40600 0.04000 0.04000
