0.00000 0.29000 0.10200 0.04000 0.04000
0.00000 0.21000 0.19000 0.04000 0.04000
0.00000 0.29000 0.26800 0.04000 0.04000
0.00000 0.21600 0.35400 0.04000 0.04000
0.00000 0.29400 0.42600 0.04000 0.04000
0.00000 0.22000 0.51400 0.04000 0.04000
0.00000 0.29800 0.59400 0.04000 0.04000
0.00000 0.22600 0.67600 0.04000 0.04000
0.00000 0.30400 0.75800 0.04000 0.04000
0.00000 0.22600 0.84200 0.04000 0.04000
0.00000 0.30400 0.92200 0.04000 0.04000
1.00000 0.13200 0.93000 0.04000 0.04000
1.00000 0.05800 0.85400 0.04000 0.04000
1.00000 0.13000 0.76800 0.04000 0.04000
1.00000 0.04800 0.69200 0.04000 0.04000
1.00000 0.12400 0.60200 0.04000 0.04000
1.00000 0.04400 0.52600 0.04000 0.04000
1.00000 0.11800 0.44400 0.04000 0.04000
1.00000 0.04200 0.36800 0.04000 0.04000
1.00000 0.12000 0.27600 0.04000 0.04000
3.00000 0.24000 0.98800 0.04000 0.04000
0.00000 0.79400 0.92400 0.04000 0.04000
0.00000 0.71200 0.84600 0.04000 0.04000
0.00000 0.78800 0.76000 0.04000 0.04000
0.00000 0.70800 0.68400 0.04000 0.04000
0.00000 0.78600 0.59600 0.04000 0.04000
0.00000 0.70400 0.52200 0.04000 0.04000
0.00000 0.78000 0.43400 0.04000 0.04000
0.00000 0.69800 0.36000 0.04000 0.04000
0.00000 0.77400 0.27400 0.04000 0.04000
0.00000 0.70000 0.19200 0.04000 0.04000
0.00000 0.77600 0.10600 0.04000 0.04000
0.00000 0.69400 0.02200 0.04000 0.04000
1.00000 0.87000 0.18400 0.04000 0.04000
1.00000 0.94800 0.26000 0.04000 0.04000
1.00000 0.87200 0.34400 0.04000 0.04000
1.00000 0.94400 0.41600 0.04000 0.04000
1.00000 0.87400 0.50800 0.04000 0.04000
1.00000 0.95200 0.58600 0.04000 0.04000
1.00000 0.88000 0.67000 0.04000 0.04000
1.00000 0.96000 0.74800 0.04000 0.04000
1.00000 0.88400 0.83400 0.04000 0.04000
1.00000 0.96200 0.91400 0.04000 0.04000
