0.00000 0.21200 0.06000 0.04000 0.04000
0.00000 0.54000 0.06600 0.04000 0.04000
0.00000 0.86800 0.07600 0.04000 0.04000
3.00000 0.87200 0.01000 0.04000 0.04000
3.00000 0.54600 0.01000 0.04000 0.04000
3.00000 0.21800 0.00400 0.04000 0.04000
0.00000 0.34600 0.49600 0.04000 0.04000
0.00000 0.34000 0.69400 0.04000 0.04000
0.00000 0.33400 0.90000 0.04000 0.04000
0.00000 0.58800 0.90000 0.04000 0.04000
0.00000 0.59200 0.70400 0.04000 0.04000
0.00000 0.59800 0.50200 0.04000 0.04000
1.00000 0.78600 0.78000 0.04000 0.04000
1.00000 0.77800 0.98000 0.04000 0.04000
1.00000 0.88200 0.98400 0.04000 0.04000
1.00000 0.88600 0.79600 0.04000 0.04000
1.00000 0.13400 0.76800 0.04000 0.04000
1.00000 0.13800 0.96400 0.04000 0.04000
1.00000 0.03400 0.95800 0.04000 0.04000
1.00000 0.03400 0.75800 0.04000 0.04000
3.00000 0.26200 0.99000 0.04000 0.04000
