0.00000 0.65600 0.54400 0.04000 0.04000
0.00000 0.66400 0.70400 0.04000 0.04000
0.00000 0.67800 0.86600 0.04000 0.04000
1.00000 0.92600 0.84800 0.04000 0.04000
1.00000 0.91000 0.68800 0.04000 0.04000
1.00000 0.90000 0.53000 0.04000 0.04000
0.00000 0.34400 0.56200 0.04000 0.04000
0.00000 0.35200 0.67200 0.04000 0.04000
3.00000 0.31800 0.79200 0.04000 0.04000
1.00000 0.10400 0.69000 0.04000 0.04000
1.00000 0.09400 0.57600 0.04000 0.04000
1.00000 0.12200 0.92000 0.04000 0.04000
0.00000 0.36600 0.90000 0.04000 0.04000
0.00000 0.35800 0.78600 0.04000 0.04000
0.00000 0.68600 0.98800 0.04000 0.04000
1.00000 0.93200 0.97200 0.04000 0.04000
