0.00000 0.53600 0.24000 0.04000 0.04000
1.00000 0.17400 0.59800 0.04000 0.04000
1.00000 0.07600 0.56000 0.04000 0.04000
1.00000 0.15600 0.37600 0.04000 0.04000
0.00000 0.08600 0.05400 0.04000 0.04000
1.00000 0.23200 0.19200 0.04000 0.04000
0.00000 0.61600 0.05400 0.04000 0.04000
3.00000 0.48000 0.13400 0.04000 0.04000
3.00000 0.43000 0.30200 0.04000 0.04000
3.00000 0.80400 0.49200 0.04000 0.04000
0.00000 0.85000 0.15600 0.04000 0.04000
1.00000 0.92400 0.48000 0.04000 0.04000
0.00000 0.77200 0.34400 0.04000 0.04000
0.00000 0.69400 0.52400 0.04000 0.04000
1.00000 0.76600 0.85200 0.04000 0.04000
1.00000 0.85800 0.89400 0.04000 0.04000
1.00000 0.93400 0.71200 0.04000 0.04000
