0.00000 0.57708 0.45000 0.04167 0.04167
0.00000 0.57917 0.17500 0.04167 0.04167
0.00000 0.40833 0.23125 0.04167 0.04167
0.00000 0.41250 0.32292 0.04167 0.04167
0.00000 0.41458 0.41875 0.04167 0.04167
0.00000 0.41250 0.51667 0.04167 0.04167
0.00000 0.41458 0.61458 0.04167 0.04167
0.00000 0.41250 0.71458 0.04167 0.04167
3.00000 0.02708 0.72917 0.04167 0.04167
3.00000 0.02917 0.62917 0.04167 0.04167
3.00000 0.08750 0.41875 0.04167 0.04167
3.00000 0.02708 0.31667 0.04167 0.04167
3.00000 0.33542 0.23125 0.04167 0.04167
1.00000 0.69792 0.45000 0.04167 0.04167
0.00000 0.57708 0.72500 0.04167 0.04167
3.00000 0.69583 0.73333 0.04167 0.04167
1.00000 0.70000 0.17083 0.04167 0.04167
