1.00000 0.73750 0.30833 0.04167 0.04167
3.00000 0.91667 0.26875 0.04167 0.04167
0.00000 0.65417 0.52083 0.04167 0.04167
0.00000 0.59167 0.45208 0.04167 0.04167
0.00000 0.66042 0.38125 0.04167 0.04167
0.00000 0.59375 0.31667 0.04167 0.04167
0.00000 0.58542 0.59375 0.04167 0.04167
0.00000 0.64792 0.66250 0.04167 0.04167
0.00000 0.58333 0.72292 0.04167 0.04167
3.00000 0.91875 0.12500 0.04167 0.04167
3.00000 0.89792 0.00833 0.04167 0.04167
0.00000 0.66042 0.24792 0.04167 0.04167
0.00000 0.66042 0.24792 0.04167 0.04167
