3.00000 0.67917 0.59375 0.04167 0.04167
3.00000 0.69583 0.49375 0.04167 0.04167
0.00000 0.61875 0.59167 0.04167 0.04167
0.00000 0.61875 0.49792 0.04167 0.04167
0.00000 0.61667 0.39792 0.04167 0.04167
0.00000 0.34583 0.40208 0.04167 0.04167
0.00000 0.34375 0.50417 0.04167 0.04167
0.00000 0.35208 0.60000 0.04167 0.04167
1.00000 0.16667 0.40417 0.04167 0.04167
1.00000 0.16458 0.51042 0.04167 0.04167
1.00000 0.16667 0.60208 0.04167 0.04167
3.00000 0.02708 0.71875 0.04167 0.04167
3.00000 0.91667 0.38750 0.04167 0.04167
