0.00000 0.37083 0.43958 0.04167 0.04167
0.00000 0.36458 0.53958 0.04167 0.04167
0.00000 0.36667 0.63750 0.04167 0.04167
0.00000 0.36458 0.73958 0.04167 0.04167
3.00000 0.03125 0.63958 0.04167 0.04167
3.00000 0.03125 0.74792 0.04167 0.04167
3.00000 0.00625 0.53333 0.04167 0.04167
3.00000 0.00625 0.43750 0.04167 0.04167
3.00000 0.00625 0.34583 0.04167 0.04167
3.00000 0.00625 0.25417 0.04167 0.04167
3.00000 0.32917 0.23125 0.04167 0.04167
0.00000 0.37500 0.22708 0.04167 0.04167
0.00000 0.36875 0.34167 0.04167 0.04167
3.00000 0.68125 0.33125 0.04167 0.04167
0.00000 0.63750 0.32500 0.04167 0.04167
0.00000 0.63750 0.62292 0.04167 0.04167
0.00000 0.63333 0.73125 0.04167 0.04167
3.00000 0.73125 0.73125 0.04167 0.04167
