0.00000 0.57708 0.43542 0.04167 0.04167
0.00000 0.63958 0.26875 0.04167 0.04167
0.00000 0.46875 0.75208 0.04167 0.04167
1.00000 0.74167 0.43542 0.04167 0.04167
1.00000 0.67708 0.60000 0.04167 0.04167
1.00000 0.62708 0.75625 0.04167 0.04167
3.00000 0.86667 0.10208 0.04167 0.04167
0.00000 0.44792 0.17708 0.04167 0.04167
3.00000 0.39583 0.00625 0.04167 0.04167
1.00000 0.33125 0.14375 0.04167 0.04167
0.00000 0.39375 0.35417 0.04167 0.04167
0.00000 0.34583 0.52500 0.04167 0.04167
3.00000 0.28958 0.30833 0.04167 0.04167
