3.00000 0.22500 0.51250 0.04167 0.04167
1.00000 0.19792 0.41667 0.04167 0.04167
1.00000 0.19792 0.61042 0.04167 0.04167
0.00000 0.37917 0.60833 0.04167 0.04167
0.00000 0.37917 0.51042 0.04167 0.04167
0.00000 0.37917 0.41458 0.04167 0.04167
0.00000 0.37708 0.31875 0.04167 0.04167
0.00000 0.62292 0.31458 0.04167 0.04167
0.00000 0.62292 0.41042 0.04167 0.04167
0.00000 0.62708 0.50625 0.04167 0.04167
3.00000 0.82708 0.40625 0.04167 0.04167
0.00000 0.63125 0.60625 0.04167 0.04167
0.00000 0.62917 0.70000 0.04167 0.04167
3.00000 0.70208 0.70417 0.04167 0.04167
3.00000 0.68542 0.80417 0.04167 0.04167
0.00000 0.63125 0.80000 0.04167 0.04167
0.00000 0.38125 0.79792 0.04167 0.04167
0.00000 0.37917 0.70625 0.04167 0.04167
