3.00000 0.91667 0.08333 0.04167 0.04167
3.00000 0.73542 0.42292 0.04167 0.04167
0.00000 0.70208 0.44792 0.04167 0.04167
0.00000 0.64167 0.38125 0.04167 0.04167
0.00000 0.70417 0.31042 0.04167 0.04167
0.00000 0.63333 0.51875 0.04167 0.04167
0.00000 0.70208 0.59167 0.04167 0.04167
3.00000 0.87083 0.42292 0.04167 0.04167
3.00000 0.16875 0.72083 0.04167 0.04167
3.00000 0.22292 0.52917 0.04167 0.04167
0.00000 0.31042 0.57708 0.04167 0.04167
0.00000 0.31250 0.44167 0.04167 0.04167
0.00000 0.32083 0.30625 0.04167 0.04167
0.00000 0.64167 0.25000 0.04167 0.04167
3.00000 0.77917 0.08958 0.04167 0.04167
0.00000 0.63333 0.66250 0.04167 0.04167
0.00000 0.69583 0.73333 0.04167 0.04167
3.00000 0.71250 0.89792 0.04167 0.04167
0.00000 0.30625 0.72500 0.04167 0.04167
3.00000 0.19792 0.83542 0.04167 0.04167
