0.00000 0.33125 0.25417 0.04167 0.04167
0.00000 0.38542 0.32500 0.04167 0.04167
0.00000 0.31667 0.39375 0.04167 0.04167
0.00000 0.37083 0.46250 0.04167 0.04167
0.00000 0.35000 0.60625 0.04167 0.04167
3.00000 0.00625 0.92083 0.04167 0.04167
3.00000 0.02708 0.76667 0.04167 0.04167
0.00000 0.70417 0.43125 0.04167 0.04167
0.00000 0.69167 0.57500 0.04167 0.04167
0.00000 0.67917 0.71458 0.04167 0.04167
0.00000 0.72708 0.29167 0.04167 0.04167
3.00000 0.86458 0.15417 0.04167 0.04167
3.00000 0.86667 0.29375 0.04167 0.04167
3.00000 0.80208 0.47500 0.04167 0.04167
0.00000 0.75417 0.50417 0.04167 0.04167
0.00000 0.73125 0.78542 0.04167 0.04167
0.00000 0.28958 0.67083 0.04167 0.04167
0.00000 0.34583 0.74167 0.04167 0.04167
0.00000 0.30000 0.52708 0.04167 0.04167
1.00000 0.21667 0.58958 0.04167 0.04167
