0.00000 0.41875 0.56458 0.04167 0.04167
0.00000 0.35625 0.48958 0.04167 0.04167
0.00000 0.41667 0.42708 0.04167 0.04167
0.00000 0.35417 0.62917 0.04167 0.04167
0.00000 0.41875 0.70000 0.04167 0.04167
0.00000 0.61458 0.41667 0.04167 0.04167
0.00000 0.54792 0.34792 0.04167 0.04167
3.00000 0.75625 0.26875 0.04167 0.04167
0.00000 0.61250 0.27917 0.04167 0.04167
0.00000 0.55625 0.22083 0.04167 0.04167
0.00000 0.54792 0.49167 0.04167 0.04167
0.00000 0.54792 0.62917 0.04167 0.04167
0.00000 0.41875 0.28542 0.04167 0.04167
3.00000 0.38333 0.37917 0.04167 0.04167
3.00000 0.21458 0.35000 0.04167 0.04167
3.00000 0.23333 0.50000 0.04167 0.04167
