1.00000 0.70625 0.43333 0.04167 0.04167
1.00000 0.74167 0.71458 0.04167 0.04167
0.00000 0.63125 0.72708 0.04167 0.04167
0.00000 0.59375 0.44792 0.04167 0.04167
3.00000 0.31667 0.56458 0.04167 0.04167
3.00000 0.13542 0.98125 0.04167 0.04167
3.00000 0.13542 0.98125 0.04167 0.04167
0.00000 0.32708 0.39792 0.04167 0.04167
0.00000 0.40208 0.44583 0.04167 0.04167
0.00000 0.33958 0.53125 0.04167 0.04167
0.00000 0.41250 0.58958 0.04167 0.04167
0.00000 0.36042 0.66875 0.04167 0.04167
0.00000 0.42708 0.72292 0.04167 0.04167
1.00000 0.26875 0.46458 0.04167 0.04167
0.00000 0.38333 0.31042 0.04167 0.04167
