1.00000 0.83542 0.50625 0.04167 0.04167
3.00000 0.68125 0.40625 0.04167 0.04167
3.00000 0.70208 0.30625 0.04167 0.04167
0.00000 0.64375 0.30833 0.04167 0.04167
0.00000 0.64167 0.40625 0.04167 0.04167
0.00000 0.64375 0.50208 0.04167 0.04167
0.00000 0.64375 0.60417 0.04167 0.04167
3.00000 0.35417 0.60417 0.04167 0.04167
0.00000 0.40000 0.69792 0.04167 0.04167
0.00000 0.39583 0.60833 0.04167 0.04167
0.00000 0.39167 0.50417 0.04167 0.04167
0.00000 0.39375 0.40625 0.04167 0.04167
0.00000 0.39167 0.31042 0.04167 0.04167
3.00000 0.33125 0.31042 0.04167 0.04167
3.00000 0.22292 0.50833 0.04167 0.04167
3.00000 0.77292 0.60417 0.04167 0.04167
0.00000 0.63958 0.69792 0.04167 0.04167
0.00000 0.39167 0.22083 0.04167 0.04167
