0.00000 0.38333 0.49167 0.04167 0.04167
0.00000 0.38958 0.66042 0.04167 0.04167
3.00000 0.31250 0.55625 0.04167 0.04167
3.00000 0.22292 0.26667 0.04167 0.04167
0.00000 0.37500 0.31458 0.04167 0.04167
3.00000 0.22292 0.09792 0.04167 0.04167
0.00000 0.57708 0.31667 0.04167 0.04167
0.00000 0.57708 0.48542 0.04167 0.04167
3.00000 0.72500 0.25625 0.04167 0.04167
0.00000 0.57500 0.66458 0.04167 0.04167
3.00000 0.63750 0.56667 0.04167 0.04167
3.00000 0.71667 0.62083 0.04167 0.04167
0.00000 0.59167 0.82708 0.04167 0.04167
0.00000 0.37917 0.81875 0.04167 0.04167
3.00000 0.34583 0.76875 0.04167 0.04167
0.00000 0.58125 0.13542 0.04167 0.04167
3.00000 0.66042 0.00833 0.04167 0.04167
