3.00000 0.66250 0.43750 0.04167 0.04167
3.00000 0.65833 0.53750 0.04167 0.04167
3.00000 0.60208 0.63125 0.04167 0.04167
0.00000 0.57292 0.62917 0.04167 0.04167
0.00000 0.58125 0.53125 0.04167 0.04167
0.00000 0.58958 0.43125 0.04167 0.04167
0.00000 0.33750 0.51042 0.04167 0.04167
0.00000 0.34167 0.41458 0.04167 0.04167
0.00000 0.35833 0.31458 0.04167 0.04167
3.00000 0.13542 0.48750 0.04167 0.04167
1.00000 0.16667 0.40000 0.04167 0.04167
0.00000 0.32500 0.60417 0.04167 0.04167
0.00000 0.31875 0.70417 0.04167 0.04167
