1.00000 0.70625 0.30000 0.04167 0.04167
3.00000 0.71458 0.58333 0.04167 0.04167
0.00000 0.58958 0.57708 0.04167 0.04167
0.00000 0.58958 0.30417 0.04167 0.04167
3.00000 0.38542 0.42292 0.04167 0.04167
0.00000 0.43125 0.41875 0.04167 0.04167
0.00000 0.42292 0.51458 0.04167 0.04167
3.00000 0.29375 0.51667 0.04167 0.04167
3.00000 0.02708 0.51458 0.04167 0.04167
3.00000 0.08750 0.62292 0.04167 0.04167
3.00000 0.02500 0.72292 0.04167 0.04167
0.00000 0.42083 0.71042 0.04167 0.04167
0.00000 0.42500 0.61667 0.04167 0.04167
3.00000 0.27083 0.32500 0.04167 0.04167
0.00000 0.42708 0.22500 0.04167 0.04167
0.00000 0.42500 0.32292 0.04167 0.04167
