3.00000 0.80208 0.55833 0.04167 0.04167
3.00000 0.70208 0.46458 0.04167 0.04167
3.00000 0.67083 0.36042 0.04167 0.04167
3.00000 0.65000 0.66042 0.04167 0.04167
3.00000 0.66458 0.75417 0.04167 0.04167
1.00000 0.16667 0.66458 0.04167 0.04167
3.00000 0.30000 0.56250 0.04167 0.04167
3.00000 0.33958 0.46042 0.04167 0.04167
3.00000 0.32292 0.36667 0.04167 0.04167
0.00000 0.36667 0.36250 0.04167 0.04167
0.00000 0.36875 0.46042 0.04167 0.04167
0.00000 0.37083 0.56042 0.04167 0.04167
0.00000 0.36667 0.65000 0.04167 0.04167
0.00000 0.61875 0.55833 0.04167 0.04167
0.00000 0.61875 0.46250 0.04167 0.04167
0.00000 0.61875 0.36458 0.04167 0.04167
0.00000 0.61875 0.65417 0.04167 0.04167
0.00000 0.61875 0.74792 0.04167 0.04167
