3.00000 0.10833 0.98958 0.04167 0.04167
3.00000 0.02917 0.92917 0.04167 0.04167
0.00000 0.35208 0.27500 0.04167 0.04167
0.00000 0.29167 0.34792 0.04167 0.04167
0.00000 0.35833 0.41250 0.04167 0.04167
0.00000 0.29167 0.49792 0.04167 0.04167
0.00000 0.35833 0.56250 0.04167 0.04167
0.00000 0.29167 0.64167 0.04167 0.04167
0.00000 0.35833 0.70000 0.04167 0.04167
0.00000 0.74792 0.40417 0.04167 0.04167
3.00000 0.83125 0.33333 0.04167 0.04167
3.00000 0.71458 0.30208 0.04167 0.04167
0.00000 0.68333 0.34375 0.04167 0.04167
3.00000 0.13542 0.51458 0.04167 0.04167
