1.00000 0.19792 0.35208 0.04167 0.04167
3.00000 0.31458 0.44583 0.04167 0.04167
3.00000 0.31875 0.54583 0.04167 0.04167
3.00000 0.34792 0.64583 0.04167 0.04167
3.00000 0.27292 0.74583 0.04167 0.04167
0.00000 0.37708 0.82292 0.04167 0.04167
0.00000 0.37917 0.73542 0.04167 0.04167
0.00000 0.38125 0.64583 0.04167 0.04167
0.00000 0.37917 0.54167 0.04167 0.04167
0.00000 0.37500 0.44583 0.04167 0.04167
0.00000 0.37500 0.35208 0.04167 0.04167
0.00000 0.37500 0.25625 0.04167 0.04167
0.00000 0.62500 0.63958 0.04167 0.04167
0.00000 0.62708 0.73750 0.04167 0.04167
1.00000 0.19792 0.85208 0.04167 0.04167
