0.00000 0.59375 0.59583 0.04167 0.04167
0.00000 0.58958 0.42083 0.04167 0.04167
1.00000 0.74167 0.64375 0.04167 0.04167
1.00000 0.74583 0.82292 0.04167 0.04167
0.00000 0.39375 0.59167 0.04167 0.04167
0.00000 0.38958 0.41667 0.04167 0.04167
0.00000 0.38333 0.25417 0.04167 0.04167
3.00000 0.32083 0.35208 0.04167 0.04167
3.00000 0.31667 0.52917 0.04167 0.04167
0.00000 0.58958 0.25625 0.04167 0.04167
3.00000 0.22500 0.83750 0.04167 0.04167
0.00000 0.59375 0.77083 0.04167 0.04167
3.00000 0.75208 0.98958 0.04167 0.04167
3.00000 0.61667 0.29375 0.04167 0.04167
