0.00000 0.40417 0.30625 0.04167 0.04167
0.00000 0.40000 0.39583 0.04167 0.04167
0.00000 0.40208 0.50000 0.04167 0.04167
1.00000 0.20000 0.51042 0.04167 0.04167
1.00000 0.21875 0.60000 0.04167 0.04167
0.00000 0.40417 0.59792 0.04167 0.04167
0.00000 0.40417 0.69167 0.04167 0.04167
0.00000 0.40000 0.78542 0.04167 0.04167
3.00000 0.32500 0.79375 0.04167 0.04167
0.00000 0.64792 0.78542 0.04167 0.04167
0.00000 0.65000 0.68958 0.04167 0.04167
0.00000 0.64583 0.59375 0.04167 0.04167
3.00000 0.72500 0.59167 0.04167 0.04167
3.00000 0.83542 0.49167 0.04167 0.04167
0.00000 0.64583 0.49583 0.04167 0.04167
0.00000 0.64583 0.39792 0.04167 0.04167
0.00000 0.64583 0.29792 0.04167 0.04167
0.00000 0.64583 0.20833 0.04167 0.04167
