0.00000 0.32708 0.63958 0.04167 0.04167
0.00000 0.28333 0.56667 0.04167 0.04167
0.00000 0.35000 0.50625 0.04167 0.04167
0.00000 0.31042 0.42500 0.04167 0.04167
0.00000 0.38125 0.37500 0.04167 0.04167
0.00000 0.33542 0.28958 0.04167 0.04167
0.00000 0.40208 0.23750 0.04167 0.04167
0.00000 0.71667 0.38333 0.04167 0.04167
0.00000 0.75833 0.46042 0.04167 0.04167
0.00000 0.68750 0.51667 0.04167 0.04167
0.00000 0.73125 0.59375 0.04167 0.04167
0.00000 0.65625 0.65625 0.04167 0.04167
3.00000 0.98333 0.43542 0.04167 0.04167
3.00000 0.97917 0.31667 0.04167 0.04167
3.00000 0.98958 0.16667 0.04167 0.04167
3.00000 0.98958 0.06042 0.04167 0.04167
0.00000 0.74167 0.24167 0.04167 0.04167
0.00000 0.77708 0.32500 0.04167 0.04167
3.00000 0.16875 0.76042 0.04167 0.04167
3.00000 0.02500 0.73125 0.04167 0.04167
0.00000 0.71042 0.73125 0.04167 0.04167
