0.00000 0.70417 0.42083 0.04167 0.04167
0.00000 0.64583 0.35000 0.04167 0.04167
0.00000 0.63750 0.49583 0.04167 0.04167
0.00000 0.70000 0.57083 0.04167 0.04167
0.00000 0.63542 0.63750 0.04167 0.04167
0.00000 0.69792 0.70833 0.04167 0.04167
0.00000 0.63750 0.76250 0.04167 0.04167
3.00000 0.70417 0.28542 0.04167 0.04167
3.00000 0.82708 0.57917 0.04167 0.04167
0.00000 0.30833 0.69583 0.04167 0.04167
0.00000 0.25417 0.62292 0.04167 0.04167
0.00000 0.31042 0.55625 0.04167 0.04167
0.00000 0.25000 0.48542 0.04167 0.04167
0.00000 0.30625 0.41875 0.04167 0.04167
0.00000 0.24792 0.35208 0.04167 0.04167
0.00000 0.31250 0.27917 0.04167 0.04167
3.00000 0.08750 0.49167 0.04167 0.04167
3.00000 0.02500 0.84792 0.04167 0.04167
3.00000 0.02917 0.98125 0.04167 0.04167
