3.00000 0.69167 0.49583 0.04167 0.04167
1.00000 0.78125 0.70208 0.04167 0.04167
1.00000 0.78125 0.80625 0.04167 0.04167
3.00000 0.78125 0.60208 0.04167 0.04167
3.00000 0.78333 0.39583 0.04167 0.04167
3.00000 0.78333 0.30000 0.04167 0.04167
0.00000 0.58125 0.29583 0.04167 0.04167
0.00000 0.58333 0.40000 0.04167 0.04167
0.00000 0.58125 0.49792 0.04167 0.04167
0.00000 0.57917 0.59583 0.04167 0.04167
0.00000 0.57500 0.69167 0.04167 0.04167
0.00000 0.57917 0.79167 0.04167 0.04167
0.00000 0.81042 0.77500 0.04167 0.04167
