1.00000 0.16875 0.57708 0.04167 0.04167
1.00000 0.16667 0.47708 0.04167 0.04167
0.00000 0.37708 0.49167 0.04167 0.04167
0.00000 0.36667 0.58750 0.04167 0.04167
3.00000 0.26250 0.48542 0.04167 0.04167
0.00000 0.38125 0.39583 0.04167 0.04167
0.00000 0.38958 0.29792 0.04167 0.04167
3.00000 0.66875 0.31875 0.04167 0.04167
3.00000 0.65833 0.41458 0.04167 0.04167
3.00000 0.80625 0.51875 0.04167 0.04167
3.00000 0.66250 0.61042 0.04167 0.04167
3.00000 0.80625 0.73333 0.04167 0.04167
0.00000 0.60833 0.70833 0.04167 0.04167
0.00000 0.61667 0.60833 0.04167 0.04167
0.00000 0.62500 0.51042 0.04167 0.04167
0.00000 0.62917 0.40833 0.04167 0.04167
0.00000 0.63542 0.31458 0.04167 0.04167
0.00000 0.36458 0.68542 0.04167 0.04167
