1.00000 0.19375 0.50833 0.04167 0.04167
1.00000 0.19583 0.60417 0.04167 0.04167
0.00000 0.37917 0.60208 0.04167 0.04167
0.00000 0.37917 0.50417 0.04167 0.04167
3.00000 0.34375 0.40833 0.04167 0.04167
3.00000 0.33333 0.31042 0.04167 0.04167
3.00000 0.29167 0.21875 0.04167 0.04167
0.00000 0.37500 0.21458 0.04167 0.04167
0.00000 0.37708 0.30833 0.04167 0.04167
0.00000 0.38125 0.40833 0.04167 0.04167
0.00000 0.38125 0.69792 0.04167 0.04167
3.00000 0.77917 0.60000 0.04167 0.04167
0.00000 0.62917 0.60000 0.04167 0.04167
3.00000 0.65833 0.50208 0.04167 0.04167
0.00000 0.62500 0.50208 0.04167 0.04167
0.00000 0.62500 0.40208 0.04167 0.04167
3.00000 0.22292 0.70833 0.04167 0.04167
