0.00000 0.71875 0.31875 0.04167 0.04167
0.00000 0.65625 0.54167 0.04167 0.04167
0.00000 0.64792 0.39583 0.04167 0.04167
0.00000 0.66458 0.68333 0.04167 0.04167
0.00000 0.32917 0.62708 0.04167 0.04167
0.00000 0.33750 0.76875 0.04167 0.04167
3.00000 0.29167 0.82708 0.04167 0.04167
3.00000 0.13333 0.86250 0.04167 0.04167
3.00000 0.08958 0.75625 0.04167 0.04167
0.00000 0.32500 0.47917 0.04167 0.04167
0.00000 0.31667 0.34792 0.04167 0.04167
3.00000 0.77292 0.54583 0.04167 0.04167
3.00000 0.74375 0.43750 0.04167 0.04167
