0.00000 0.60625 0.42917 0.04167 0.04167
0.00000 0.59792 0.70833 0.04167 0.04167
3.00000 0.71458 0.71458 0.04167 0.04167
1.00000 0.72292 0.43125 0.04167 0.04167
3.00000 0.24375 0.40000 0.04167 0.04167
3.00000 0.26042 0.49375 0.04167 0.04167
3.00000 0.33958 0.59167 0.04167 0.04167
3.00000 0.02500 0.28750 0.04167 0.04167
0.00000 0.43750 0.27083 0.04167 0.04167
0.00000 0.43958 0.17500 0.04167 0.04167
0.00000 0.43958 0.40000 0.04167 0.04167
0.00000 0.43750 0.50000 0.04167 0.04167
0.00000 0.43333 0.59375 0.04167 0.04167
3.00000 0.36667 0.27292 0.04167 0.04167
3.00000 0.28750 0.17292 0.04167 0.04167
