3.00000 0.28958 0.54583 0.04167 0.04167
3.00000 0.24792 0.74375 0.04167 0.04167
3.00000 0.32917 0.63958 0.04167 0.04167
0.00000 0.36042 0.44583 0.04167 0.04167
0.00000 0.36458 0.35000 0.04167 0.04167
3.00000 0.64792 0.35208 0.04167 0.04167
3.00000 0.64375 0.25833 0.04167 0.04167
0.00000 0.61250 0.25833 0.04167 0.04167
0.00000 0.61250 0.34792 0.04167 0.04167
0.00000 0.61042 0.45000 0.04167 0.04167
1.00000 0.80417 0.45208 0.04167 0.04167
1.00000 0.80417 0.55417 0.04167 0.04167
1.00000 0.80208 0.65417 0.04167 0.04167
0.00000 0.60833 0.64375 0.04167 0.04167
0.00000 0.60833 0.54583 0.04167 0.04167
