3.00000 0.08542 0.69375 0.04167 0.04167
3.00000 0.08750 0.82500 0.04167 0.04167
0.00000 0.34375 0.60208 0.04167 0.04167
0.00000 0.40208 0.67500 0.04167 0.04167
3.00000 0.35625 0.71250 0.04167 0.04167
0.00000 0.41458 0.53542 0.04167 0.04167
0.00000 0.35625 0.46250 0.04167 0.04167
0.00000 0.42917 0.39375 0.04167 0.04167
1.00000 0.27917 0.52500 0.04167 0.04167
0.00000 0.63125 0.43750 0.04167 0.04167
0.00000 0.60208 0.71042 0.04167 0.04167
1.00000 0.74375 0.44792 0.04167 0.04167
1.00000 0.71250 0.72708 0.04167 0.04167
0.00000 0.43750 0.23125 0.04167 0.04167
0.00000 0.66250 0.14583 0.04167 0.04167
