0.00000 0.60833 0.54583 0.04167 0.04167
0.00000 0.67292 0.61458 0.04167 0.04167
3.00000 0.86667 0.24167 0.04167 0.04167
3.00000 0.87083 0.08125 0.04167 0.04167
3.00000 0.82292 0.00833 0.04167 0.04167
0.00000 0.66042 0.33125 0.04167 0.04167
0.00000 0.59792 0.40625 0.04167 0.04167
0.00000 0.66875 0.46458 0.04167 0.04167
3.00000 0.68750 0.30625 0.04167 0.04167
0.00000 0.59375 0.27083 0.04167 0.04167
0.00000 0.65625 0.18750 0.04167 0.04167
0.00000 0.61458 0.68125 0.04167 0.04167
0.00000 0.68333 0.74167 0.04167 0.04167
