3.00000 0.33125 0.51250 0.04167 0.04167
1.00000 0.24792 0.77083 0.04167 0.04167
0.00000 0.37500 0.75833 0.04167 0.04167
0.00000 0.42917 0.67917 0.04167 0.04167
0.00000 0.36458 0.61875 0.04167 0.04167
0.00000 0.42500 0.54375 0.04167 0.04167
0.00000 0.36042 0.48333 0.04167 0.04167
0.00000 0.41875 0.40417 0.04167 0.04167
0.00000 0.60625 0.53125 0.04167 0.04167
0.00000 0.59792 0.39375 0.04167 0.04167
0.00000 0.54167 0.46667 0.04167 0.04167
1.00000 0.67708 0.45625 0.04167 0.04167
0.00000 0.53125 0.32917 0.04167 0.04167
1.00000 0.68958 0.59583 0.04167 0.04167
1.00000 0.74375 0.51667 0.04167 0.04167
0.00000 0.55208 0.60208 0.04167 0.04167
3.00000 0.59792 0.64583 0.04167 0.04167
0.00000 0.56042 0.73542 0.04167 0.04167
3.00000 0.77292 0.92917 0.04167 0.04167
3.00000 0.27292 0.87917 0.04167 0.04167
