0.00000 0.59167 0.43542 0.04167 0.04167
0.00000 0.59375 0.26667 0.04167 0.04167
1.00000 0.74375 0.48125 0.04167 0.04167
3.00000 0.66667 0.54583 0.04167 0.04167
0.00000 0.58958 0.60833 0.04167 0.04167
3.00000 0.67708 0.74167 0.04167 0.04167
0.00000 0.59375 0.77083 0.04167 0.04167
3.00000 0.70000 0.92917 0.04167 0.04167
0.00000 0.38750 0.76875 0.04167 0.04167
3.00000 0.23333 0.98750 0.04167 0.04167
0.00000 0.38958 0.60208 0.04167 0.04167
1.00000 0.24375 0.82083 0.04167 0.04167
0.00000 0.38958 0.43125 0.04167 0.04167
3.00000 0.32708 0.53125 0.04167 0.04167
0.00000 0.38750 0.26458 0.04167 0.04167
1.00000 0.24375 0.47500 0.04167 0.04167
