0.00000 0.40417 0.50417 0.04167 0.04167
0.00000 0.39792 0.60208 0.04167 0.04167
0.00000 0.38750 0.71458 0.04167 0.04167
3.00000 0.25000 0.71667 0.04167 0.04167
3.00000 0.72083 0.71875 0.04167 0.04167
3.00000 0.68958 0.59167 0.04167 0.04167
3.00000 0.83333 0.49375 0.04167 0.04167
0.00000 0.64167 0.49792 0.04167 0.04167
0.00000 0.64792 0.59375 0.04167 0.04167
0.00000 0.66042 0.71667 0.04167 0.04167
3.00000 0.37083 0.60000 0.04167 0.04167
3.00000 0.22500 0.50208 0.04167 0.04167
0.00000 0.60208 0.22917 0.04167 0.04167
