0.00000 0.29167 0.59792 0.04167 0.04167
3.00000 0.25833 0.63333 0.04167 0.04167
0.00000 0.36667 0.65000 0.04167 0.04167
3.00000 0.14167 0.98958 0.04167 0.04167
0.00000 0.31458 0.73750 0.04167 0.04167
0.00000 0.34375 0.51042 0.04167 0.04167
0.00000 0.27917 0.45833 0.04167 0.04167
0.00000 0.32083 0.37292 0.04167 0.04167
0.00000 0.65208 0.39375 0.04167 0.04167
3.00000 0.86667 0.06458 0.04167 0.04167
0.00000 0.73333 0.44167 0.04167 0.04167
0.00000 0.67292 0.53125 0.04167 0.04167
0.00000 0.75833 0.58333 0.04167 0.04167
0.00000 0.70208 0.67083 0.04167 0.04167
0.00000 0.71042 0.30417 0.04167 0.04167
