0.00000 0.65417 0.60208 0.04167 0.04167
0.00000 0.66042 0.50417 0.04167 0.04167
0.00000 0.66458 0.40625 0.04167 0.04167
1.00000 0.83542 0.42083 0.04167 0.04167
0.00000 0.67083 0.31667 0.04167 0.04167
0.00000 0.65000 0.70000 0.04167 0.04167
3.00000 0.97708 0.62708 0.04167 0.04167
3.00000 0.99167 0.52917 0.04167 0.04167
3.00000 0.19792 0.47708 0.04167 0.04167
1.00000 0.19583 0.58333 0.04167 0.04167
3.00000 0.17083 0.68125 0.04167 0.04167
0.00000 0.37917 0.68125 0.04167 0.04167
0.00000 0.38333 0.58958 0.04167 0.04167
0.00000 0.38958 0.49167 0.04167 0.04167
3.00000 0.36042 0.38750 0.04167 0.04167
3.00000 0.12917 0.36667 0.04167 0.04167
0.00000 0.39583 0.39167 0.04167 0.04167
3.00000 0.98125 0.32708 0.04167 0.04167
1.00000 0.97708 0.72708 0.04167 0.04167
