1.00000 0.16667 0.51042 0.04167 0.04167
1.00000 0.16875 0.61458 0.04167 0.04167
0.00000 0.37917 0.70417 0.04167 0.04167
0.00000 0.37917 0.60417 0.04167 0.04167
0.00000 0.37708 0.50417 0.04167 0.04167
0.00000 0.37917 0.31042 0.04167 0.04167
3.00000 0.65208 0.40625 0.04167 0.04167
3.00000 0.65417 0.50417 0.04167 0.04167
0.00000 0.62500 0.50000 0.04167 0.04167
0.00000 0.62500 0.40625 0.04167 0.04167
0.00000 0.62917 0.60208 0.04167 0.04167
0.00000 0.62708 0.70000 0.04167 0.04167
3.00000 0.17292 0.70625 0.04167 0.04167
