0.00000 0.31667 0.37292 0.04167 0.04167
0.00000 0.32292 0.27292 0.04167 0.04167
3.00000 0.13125 0.26042 0.04167 0.04167
3.00000 0.19583 0.45833 0.04167 0.04167
3.00000 0.26458 0.36667 0.04167 0.04167
3.00000 0.27500 0.56042 0.04167 0.04167
0.00000 0.30625 0.55833 0.04167 0.04167
0.00000 0.35833 0.64375 0.04167 0.04167
3.00000 0.34583 0.75208 0.04167 0.04167
0.00000 0.44167 0.65208 0.04167 0.04167
0.00000 0.53542 0.66250 0.04167 0.04167
0.00000 0.61667 0.66250 0.04167 0.04167
3.00000 0.62292 0.70208 0.04167 0.04167
3.00000 0.53542 0.69375 0.04167 0.04167
