1.00000 0.16875 0.34583 0.04167 0.04167
1.00000 0.16875 0.44583 0.04167 0.04167
1.00000 0.16875 0.54792 0.04167 0.04167
3.00000 0.68958 0.45417 0.04167 0.04167
3.00000 0.65417 0.35833 0.04167 0.04167
3.00000 0.64792 0.26667 0.04167 0.04167
3.00000 0.68333 0.55625 0.04167 0.04167
3.00000 0.64792 0.64792 0.04167 0.04167
3.00000 0.64792 0.74792 0.04167 0.04167
0.00000 0.61250 0.74792 0.04167 0.04167
0.00000 0.61250 0.65000 0.04167 0.04167
0.00000 0.61667 0.55625 0.04167 0.04167
0.00000 0.61875 0.45625 0.04167 0.04167
0.00000 0.62083 0.35625 0.04167 0.04167
0.00000 0.62083 0.26875 0.04167 0.04167
3.00000 0.33958 0.64792 0.04167 0.04167
0.00000 0.36875 0.64792 0.04167 0.04167
0.00000 0.36667 0.55000 0.04167 0.04167
0.00000 0.36875 0.45417 0.04167 0.04167
0.00000 0.36875 0.35417 0.04167 0.04167
3.00000 0.33750 0.25625 0.04167 0.04167
0.00000 0.37083 0.25833 0.04167 0.04167
