0.00000 0.58125 0.57083 0.04167 0.04167
0.00000 0.56875 0.27500 0.04167 0.04167
1.00000 0.68958 0.28542 0.04167 0.04167
1.00000 0.69792 0.56667 0.04167 0.04167
0.00000 0.39167 0.53750 0.04167 0.04167
0.00000 0.32708 0.61875 0.04167 0.04167
3.00000 0.30000 0.50208 0.04167 0.04167
0.00000 0.32292 0.33333 0.04167 0.04167
0.00000 0.38333 0.24375 0.04167 0.04167
0.00000 0.38333 0.39375 0.04167 0.04167
3.00000 0.27708 0.66458 0.04167 0.04167
0.00000 0.38958 0.68125 0.04167 0.04167
3.00000 0.16875 0.48958 0.04167 0.04167
