0.00000 0.32708 0.61042 0.04167 0.04167
0.00000 0.26667 0.54375 0.04167 0.04167
0.00000 0.32500 0.46875 0.04167 0.04167
0.00000 0.25833 0.40000 0.04167 0.04167
0.00000 0.32917 0.32292 0.04167 0.04167
0.00000 0.66250 0.40000 0.04167 0.04167
0.00000 0.72292 0.46667 0.04167 0.04167
0.00000 0.65833 0.53958 0.04167 0.04167
0.00000 0.72500 0.61042 0.04167 0.04167
0.00000 0.65625 0.67917 0.04167 0.04167
3.00000 0.97292 0.21250 0.04167 0.04167
3.00000 0.80625 0.24583 0.04167 0.04167
3.00000 0.71458 0.19792 0.04167 0.04167
0.00000 0.66042 0.25208 0.04167 0.04167
0.00000 0.72917 0.31875 0.04167 0.04167
0.00000 0.26250 0.67917 0.04167 0.04167
0.00000 0.32917 0.74583 0.04167 0.04167
3.00000 0.17083 0.91458 0.04167 0.04167
3.00000 0.02708 0.91667 0.04167 0.04167
