0.00000 0.67292 0.68333 0.04167 0.04167
0.00000 0.60625 0.61875 0.04167 0.04167
0.00000 0.66667 0.54792 0.04167 0.04167
0.00000 0.60417 0.48750 0.04167 0.04167
0.00000 0.66458 0.41250 0.04167 0.04167
0.00000 0.60000 0.34583 0.04167 0.04167
0.00000 0.66250 0.27292 0.04167 0.04167
0.00000 0.60417 0.20833 0.04167 0.04167
3.00000 0.90625 0.00833 0.04167 0.04167
3.00000 0.91875 0.14167 0.04167 0.04167
3.00000 0.91667 0.28542 0.04167 0.04167
3.00000 0.83125 0.52292 0.04167 0.04167
1.00000 0.73750 0.19375 0.04167 0.04167
1.00000 0.73750 0.33333 0.04167 0.04167
1.00000 0.73542 0.47708 0.04167 0.04167
0.00000 0.27083 0.55625 0.04167 0.04167
0.00000 0.27500 0.41042 0.04167 0.04167
0.00000 0.27917 0.68750 0.04167 0.04167
