1.00000 0.82917 0.45833 0.04167 0.04167
1.00000 0.80417 0.31667 0.04167 0.04167
0.00000 0.59167 0.20625 0.04167 0.04167
0.00000 0.60208 0.34375 0.04167 0.04167
0.00000 0.61875 0.47917 0.04167 0.04167
3.00000 0.66042 0.58958 0.04167 0.04167
3.00000 0.66875 0.68542 0.04167 0.04167
0.00000 0.63750 0.68542 0.04167 0.04167
0.00000 0.62708 0.58750 0.04167 0.04167
0.00000 0.39167 0.68958 0.04167 0.04167
0.00000 0.38125 0.59792 0.04167 0.04167
0.00000 0.37083 0.50000 0.04167 0.04167
0.00000 0.36875 0.40000 0.04167 0.04167
0.00000 0.35417 0.31042 0.04167 0.04167
1.00000 0.16875 0.52292 0.04167 0.04167
1.00000 0.20000 0.61250 0.04167 0.04167
3.00000 0.35417 0.69792 0.04167 0.04167
