0.00000 0.32500 0.55000 0.04167 0.04167
0.00000 0.25833 0.48750 0.04167 0.04167
0.00000 0.32292 0.41250 0.04167 0.04167
0.00000 0.26250 0.33958 0.04167 0.04167
0.00000 0.32708 0.27083 0.04167 0.04167
0.00000 0.67083 0.19792 0.04167 0.04167
0.00000 0.65833 0.33333 0.04167 0.04167
3.00000 0.83750 0.01042 0.04167 0.04167
3.00000 0.72500 0.25833 0.04167 0.04167
3.00000 0.09375 0.64583 0.04167 0.04167
3.00000 0.16875 0.69375 0.04167 0.04167
3.00000 0.13958 0.88333 0.04167 0.04167
0.00000 0.31042 0.69375 0.04167 0.04167
