1.00000 0.20208 0.61042 0.04167 0.04167
1.00000 0.19792 0.51667 0.04167 0.04167
1.00000 0.83333 0.40417 0.04167 0.04167
1.00000 0.83542 0.30417 0.04167 0.04167
1.00000 0.83542 0.50625 0.04167 0.04167
3.00000 0.71042 0.60417 0.04167 0.04167
3.00000 0.67500 0.70417 0.04167 0.04167
0.00000 0.64375 0.70208 0.04167 0.04167
0.00000 0.64583 0.60417 0.04167 0.04167
0.00000 0.63750 0.50417 0.04167 0.04167
0.00000 0.64167 0.40833 0.04167 0.04167
0.00000 0.63750 0.31042 0.04167 0.04167
0.00000 0.39167 0.50833 0.04167 0.04167
0.00000 0.39167 0.60417 0.04167 0.04167
0.00000 0.39167 0.80208 0.04167 0.04167
0.00000 0.39375 0.70417 0.04167 0.04167
0.00000 0.39167 0.41250 0.04167 0.04167
0.00000 0.39375 0.31458 0.04167 0.04167
0.00000 0.38750 0.22083 0.04167 0.04167
0.00000 0.64792 0.80000 0.04167 0.04167
3.00000 0.71875 0.80000 0.04167 0.04167
