3.00000 0.24583 0.52917 0.04167 0.04167
1.00000 0.19792 0.42917 0.04167 0.04167
0.00000 0.40000 0.42292 0.04167 0.04167
0.00000 0.40417 0.52292 0.04167 0.04167
3.00000 0.37708 0.62500 0.04167 0.04167
3.00000 0.36250 0.72083 0.04167 0.04167
0.00000 0.40833 0.72083 0.04167 0.04167
0.00000 0.40625 0.62083 0.04167 0.04167
3.00000 0.73542 0.41875 0.04167 0.04167
3.00000 0.70417 0.51875 0.04167 0.04167
3.00000 0.68750 0.62083 0.04167 0.04167
0.00000 0.65208 0.61875 0.04167 0.04167
0.00000 0.65208 0.52292 0.04167 0.04167
0.00000 0.65208 0.42292 0.04167 0.04167
0.00000 0.65000 0.32292 0.04167 0.04167
0.00000 0.40625 0.32917 0.04167 0.04167
