3.00000 0.00625 0.50000 0.04167 0.04167
3.00000 0.66667 0.50417 0.04167 0.04167
3.00000 0.97917 0.61042 0.04167 0.04167
3.00000 0.72083 0.60000 0.04167 0.04167
0.00000 0.62708 0.70000 0.04167 0.04167
0.00000 0.62708 0.60000 0.04167 0.04167
0.00000 0.62917 0.49792 0.04167 0.04167
0.00000 0.62917 0.40208 0.04167 0.04167
3.00000 0.91250 0.40208 0.04167 0.04167
0.00000 0.62708 0.30833 0.04167 0.04167
0.00000 0.36250 0.40417 0.04167 0.04167
0.00000 0.35833 0.49583 0.04167 0.04167
0.00000 0.36042 0.60000 0.04167 0.04167
0.00000 0.35625 0.69583 0.04167 0.04167
0.00000 0.35833 0.31042 0.04167 0.04167
3.00000 0.22708 0.31042 0.04167 0.04167
3.00000 0.02500 0.40833 0.04167 0.04167
3.00000 0.98125 0.71042 0.04167 0.04167
