1.00000 0.74583 0.71250 0.04167 0.04167
1.00000 0.74375 0.53542 0.04167 0.04167
1.00000 0.74583 0.35417 0.04167 0.04167
1.00000 0.74583 0.18333 0.04167 0.04167
1.00000 0.23958 0.53542 0.04167 0.04167
1.00000 0.24167 0.36250 0.04167 0.04167
1.00000 0.24167 0.70833 0.04167 0.04167
1.00000 0.24583 0.87500 0.04167 0.04167
0.00000 0.38958 0.66042 0.04167 0.04167
0.00000 0.38542 0.82500 0.04167 0.04167
0.00000 0.39167 0.49167 0.04167 0.04167
0.00000 0.38958 0.31875 0.04167 0.04167
0.00000 0.58750 0.32292 0.04167 0.04167
0.00000 0.58958 0.49167 0.04167 0.04167
0.00000 0.58958 0.66042 0.04167 0.04167
0.00000 0.59375 0.82917 0.04167 0.04167
3.00000 0.67917 0.78958 0.04167 0.04167
3.00000 0.71667 0.98333 0.04167 0.04167
1.00000 0.83958 0.19167 0.04167 0.04167
