0.00000 0.40417 0.47500 0.04167 0.04167
0.00000 0.34792 0.54583 0.04167 0.04167
0.00000 0.40833 0.61875 0.04167 0.04167
3.00000 0.36458 0.66458 0.04167 0.04167
0.00000 0.41042 0.75000 0.04167 0.04167
0.00000 0.34792 0.41250 0.04167 0.04167
3.00000 0.21250 0.55833 0.04167 0.04167
0.00000 0.40625 0.34583 0.04167 0.04167
3.00000 0.30625 0.58333 0.04167 0.04167
0.00000 0.53333 0.68333 0.04167 0.04167
3.00000 0.77917 0.92292 0.04167 0.04167
0.00000 0.59375 0.47500 0.04167 0.04167
0.00000 0.58958 0.33542 0.04167 0.04167
0.00000 0.58958 0.33542 0.04167 0.04167
