3.00000 0.17500 0.48125 0.04167 0.04167
3.00000 0.24792 0.60208 0.04167 0.04167
0.00000 0.30417 0.60833 0.04167 0.04167
0.00000 0.33958 0.40417 0.04167 0.04167
0.00000 0.36042 0.31458 0.04167 0.04167
3.00000 0.20000 0.27292 0.04167 0.04167
3.00000 0.65625 0.37500 0.04167 0.04167
3.00000 0.62708 0.46667 0.04167 0.04167
3.00000 0.60625 0.56458 0.04167 0.04167
0.00000 0.56667 0.54583 0.04167 0.04167
0.00000 0.58542 0.45833 0.04167 0.04167
0.00000 0.60000 0.36667 0.04167 0.04167
0.00000 0.61667 0.27083 0.04167 0.04167
