3.00000 0.68125 0.38750 0.04167 0.04167
0.00000 0.65625 0.41042 0.04167 0.04167
3.00000 0.63125 0.44583 0.04167 0.04167
0.00000 0.66250 0.54583 0.04167 0.04167
0.00000 0.59792 0.48125 0.04167 0.04167
0.00000 0.60417 0.61875 0.04167 0.04167
1.00000 0.74167 0.46875 0.04167 0.04167
0.00000 0.65000 0.27083 0.04167 0.04167
0.00000 0.58750 0.34375 0.04167 0.04167
3.00000 0.91667 0.25000 0.04167 0.04167
3.00000 0.86875 0.15625 0.04167 0.04167
3.00000 0.87083 0.00833 0.04167 0.04167
3.00000 0.75000 0.00625 0.04167 0.04167
0.00000 0.58542 0.20625 0.04167 0.04167
0.00000 0.67292 0.68333 0.04167 0.04167
