0.00000 0.35000 0.41250 0.04167 0.04167
0.00000 0.42292 0.48542 0.04167 0.04167
0.00000 0.42083 0.35208 0.04167 0.04167
0.00000 0.35833 0.27917 0.04167 0.04167
0.00000 0.55000 0.41667 0.04167 0.04167
0.00000 0.60625 0.48958 0.04167 0.04167
0.00000 0.55000 0.55000 0.04167 0.04167
0.00000 0.61042 0.61458 0.04167 0.04167
0.00000 0.55208 0.27708 0.04167 0.04167
0.00000 0.41667 0.62083 0.04167 0.04167
3.00000 0.36667 0.68125 0.04167 0.04167
3.00000 0.26250 0.31875 0.04167 0.04167
3.00000 0.26667 0.18958 0.04167 0.04167
0.00000 0.41667 0.20833 0.04167 0.04167
3.00000 0.21250 0.00833 0.04167 0.04167
3.00000 0.58542 0.37917 0.04167 0.04167
