0.00000 0.40833 0.68958 0.04167 0.04167
0.00000 0.38333 0.59583 0.04167 0.04167
0.00000 0.36250 0.50625 0.04167 0.04167
0.00000 0.59583 0.32917 0.04167 0.04167
0.00000 0.64167 0.51875 0.04167 0.04167
0.00000 0.66458 0.61250 0.04167 0.04167
0.00000 0.68750 0.71042 0.04167 0.04167
0.00000 0.57500 0.23958 0.04167 0.04167
3.00000 0.02708 0.69583 0.04167 0.04167
3.00000 0.02708 0.80625 0.04167 0.04167
3.00000 0.02917 0.58958 0.04167 0.04167
3.00000 0.91458 0.12708 0.04167 0.04167
3.00000 0.83542 0.25833 0.04167 0.04167
3.00000 0.78125 0.48542 0.04167 0.04167
3.00000 0.76250 0.59792 0.04167 0.04167
3.00000 0.97708 0.64792 0.04167 0.04167
3.00000 0.68958 0.50833 0.04167 0.04167
