0.00000 0.69167 0.57500 0.04167 0.04167
0.00000 0.63125 0.64375 0.04167 0.04167
0.00000 0.69167 0.70833 0.04167 0.04167
0.00000 0.63333 0.50833 0.04167 0.04167
0.00000 0.68958 0.43333 0.04167 0.04167
0.00000 0.62917 0.36875 0.04167 0.04167
0.00000 0.62708 0.22708 0.04167 0.04167
3.00000 0.66875 0.32708 0.04167 0.04167
3.00000 0.97500 0.13125 0.04167 0.04167
3.00000 0.95833 0.00833 0.04167 0.04167
3.00000 0.81458 0.03125 0.04167 0.04167
3.00000 0.86875 0.39583 0.04167 0.04167
0.00000 0.30208 0.56667 0.04167 0.04167
0.00000 0.24583 0.64167 0.04167 0.04167
0.00000 0.30625 0.70208 0.04167 0.04167
0.00000 0.30417 0.43125 0.04167 0.04167
3.00000 0.02500 0.86875 0.04167 0.04167
3.00000 0.02292 0.71875 0.04167 0.04167
0.00000 0.63958 0.78333 0.04167 0.04167
