0.00000 0.38958 0.55625 0.04167 0.04167
0.00000 0.39583 0.72500 0.04167 0.04167
3.00000 0.33958 0.65625 0.04167 0.04167
3.00000 0.32083 0.45833 0.04167 0.04167
0.00000 0.37708 0.22083 0.04167 0.04167
3.00000 0.32500 0.14792 0.04167 0.04167
0.00000 0.57500 0.22500 0.04167 0.04167
3.00000 0.62083 0.14792 0.04167 0.04167
1.00000 0.72708 0.16042 0.04167 0.04167
0.00000 0.58125 0.38542 0.04167 0.04167
1.00000 0.72917 0.32917 0.04167 0.04167
0.00000 0.58333 0.55417 0.04167 0.04167
0.00000 0.60833 0.68542 0.04167 0.04167
