3.00000 0.26875 0.47083 0.04167 0.04167
3.00000 0.17083 0.67083 0.04167 0.04167
3.00000 0.65833 0.48125 0.04167 0.04167
3.00000 0.69375 0.58333 0.04167 0.04167
3.00000 0.64583 0.28542 0.04167 0.04167
3.00000 0.66667 0.18958 0.04167 0.04167
0.00000 0.61458 0.18750 0.04167 0.04167
0.00000 0.61042 0.28958 0.04167 0.04167
0.00000 0.60625 0.47708 0.04167 0.04167
0.00000 0.60417 0.57708 0.04167 0.04167
0.00000 0.60208 0.67917 0.04167 0.04167
0.00000 0.35833 0.67292 0.04167 0.04167
0.00000 0.35833 0.57708 0.04167 0.04167
0.00000 0.35833 0.47708 0.04167 0.04167
0.00000 0.36250 0.37500 0.04167 0.04167
0.00000 0.36458 0.27917 0.04167 0.04167
