3.00000 0.32708 0.34167 0.04167 0.04167
1.00000 0.22292 0.19583 0.04167 0.04167
0.00000 0.40833 0.27292 0.04167 0.04167
0.00000 0.37500 0.36667 0.04167 0.04167
0.00000 0.31250 0.53750 0.04167 0.04167
0.00000 0.33333 0.64167 0.04167 0.04167
0.00000 0.41250 0.67083 0.04167 0.04167
0.00000 0.50000 0.71042 0.04167 0.04167
0.00000 0.58125 0.73958 0.04167 0.04167
3.00000 0.39375 0.72500 0.04167 0.04167
3.00000 0.48542 0.74792 0.04167 0.04167
3.00000 0.57708 0.77708 0.04167 0.04167
3.00000 0.26458 0.81667 0.04167 0.04167
