0.00000 0.60208 0.59375 0.04167 0.04167
0.00000 0.55625 0.67500 0.04167 0.04167
3.00000 0.61250 0.70833 0.04167 0.04167
1.00000 0.77292 0.68333 0.04167 0.04167
0.00000 0.68750 0.63542 0.04167 0.04167
0.00000 0.72500 0.55417 0.04167 0.04167
3.00000 0.98333 0.67917 0.04167 0.04167
3.00000 0.98542 0.78750 0.04167 0.04167
0.00000 0.45833 0.32917 0.04167 0.04167
0.00000 0.62917 0.41667 0.04167 0.04167
1.00000 0.67083 0.32917 0.04167 0.04167
1.00000 0.49167 0.24375 0.04167 0.04167
0.00000 0.58125 0.28333 0.04167 0.04167
0.00000 0.40833 0.19167 0.04167 0.04167
1.00000 0.62292 0.19583 0.04167 0.04167
