3.00000 0.98125 0.38333 0.04167 0.04167
3.00000 0.98750 0.49167 0.04167 0.04167
3.00000 0.99167 0.57917 0.04167 0.04167
3.00000 0.97708 0.69167 0.04167 0.04167
1.00000 0.80625 0.78125 0.04167 0.04167
0.00000 0.62708 0.76458 0.04167 0.04167
0.00000 0.62917 0.67083 0.04167 0.04167
0.00000 0.63125 0.57917 0.04167 0.04167
0.00000 0.63750 0.47500 0.04167 0.04167
0.00000 0.63750 0.37917 0.04167 0.04167
0.00000 0.64167 0.28125 0.04167 0.04167
0.00000 0.64375 0.19167 0.04167 0.04167
0.00000 0.37083 0.28125 0.04167 0.04167
3.00000 0.29167 0.27708 0.04167 0.04167
3.00000 0.13750 0.37292 0.04167 0.04167
3.00000 0.08542 0.57083 0.04167 0.04167
3.00000 0.03125 0.66667 0.04167 0.04167
0.00000 0.36458 0.56458 0.04167 0.04167
0.00000 0.36875 0.37500 0.04167 0.04167
