3.00000 0.35417 0.35000 0.04167 0.04167
3.00000 0.35417 0.45208 0.04167 0.04167
3.00000 0.31458 0.54583 0.04167 0.04167
3.00000 0.34167 0.64167 0.04167 0.04167
3.00000 0.29167 0.74375 0.04167 0.04167
0.00000 0.37292 0.73958 0.04167 0.04167
0.00000 0.37708 0.64167 0.04167 0.04167
0.00000 0.37917 0.54792 0.04167 0.04167
0.00000 0.38542 0.44792 0.04167 0.04167
0.00000 0.38542 0.35208 0.04167 0.04167
0.00000 0.38750 0.25833 0.04167 0.04167
0.00000 0.63750 0.28125 0.04167 0.04167
0.00000 0.63125 0.38542 0.04167 0.04167
0.00000 0.63125 0.47708 0.04167 0.04167
0.00000 0.62292 0.57917 0.04167 0.04167
3.00000 0.68958 0.48125 0.04167 0.04167
3.00000 0.66458 0.38333 0.04167 0.04167
1.00000 0.80417 0.68958 0.04167 0.04167
0.00000 0.62292 0.67500 0.04167 0.04167
